[
  [
    6087,
    50534,
    302107,
    411796,
    432089,
    500195,
    540215,
    652360,
    1581404,
    1683589,
    1808656,
    1943817,
    1971967,
    2002429,
    2255125,
    2328205,
    2432266,
    2818912,
    3489848,
    3644276,
    4004688,
    4449590,
    4680042,
    5236391,
    5254592,
    5539861,
    5795639,
    6045227,
    6224629,
    6279893,
    6512097,
    6662253,
    6949191,
    8407254,
    8418728,
    8910664,
    9300949,
    9365837,
    9780664,
    10085423,
    10646922,
    10722091,
    10731575,
    10942796,
    11070556,
    11155748,
    11528500,
    11592402,
    11864666,
    11869585,
    12482927,
    12939202,
    13509206,
    14221878,
    14408798,
    15170818,
    15596142,
    16372578,
    17114410,
    17300605,
    17321405,
    17681572,
    17919291,
    18059191,
    19199787,
    19662775,
    19697913,
    19815832,
    22383225,
    22606907,
    24104356,
    25271379,
    25412710,
    26073527,
    27026252,
    28046936,
    28835160,
    29035074,
    29359948,
    29484743,
    30197481,
    30597916,
    31677034,
    32576148,
    33061190,
    33995385,
    35092045,
    35101239,
    35420040,
    35601220,
    36421848,
    36577620,
    36853499,
    37187991,
    37391790,
    39598242,
    41409202,
    41852471,
    44118102,
    45159252,
    46107915,
    46779903,
    47103742,
    48567939,
    48660494,
    49447527,
    49911204,
    50976378,
    51300800,
    52417747,
    52513992,
    52603845,
    53401785,
    54661654,
    54725524,
    55881852,
    58514675,
    62104522,
    67722076,
    68485119,
    68762944,
    69667153,
    70531239,
    71481582,
    75253958,
    77343222,
    78612310,
    80167691,
    83384889,
    83770187,
    84046114,
    84866698,
    86379607,
    89927328,
    91025372,
    91308608,
    91942762,
    95660215,
    99685433,
    99825173,
    100067929,
    100676582,
    107415565,
    110353524,
    110876480,
    114476013,
    120085373,
    122618018,
    123596828,
    132717674,
    132860364,
    132861695,
    133141517,
    133560996,
    133584770,
    136195112,
    139308700,
    139383362,
    144287134,
    144481825,
    144828806,
    144958873,
    145194115,
    145262446,
    147184645,
    147855324,
    148976076,
    150848080,
    151494027,
    151756580,
    151766882,
    151868258,
    153557272,
    153637936,
    155044190,
    156412289,
    159413195,
    164840700,
    166714975,
    167287959,
    169667347,
    178302470,
    179511519,
    181003283,
    182443212,
    182447268,
    186018763,
    190640267,
    190933896,
    192801010,
    192812973,
    193499109,
    198911836,
    200770525,
    207108744,
    209490929,
    209898666,
    220137086,
    223267054,
    225384883,
    227767924,
    228424529,
    232554128,
    237388306,
    244116936,
    245574752,
    248633787,
    251095953,
    252649990,
    255313117,
    271683588,
    272544631,
    272777135,
    274008290,
    274563214,
    290656993,
    290967273,
    297540044,
    301721544,
    302487002,
    302736972,
    303941738,
    318098478,
    323111801,
    332269266,
    336290602,
    341676171,
    342892726,
    350406694,
    357782528,
    364987428,
    370618331,
    372994291,
    383336455,
    388630999,
    389969168,
    392504099,
    402486562
  ],
  [
    342489,
    1211620,
    1682071,
    2821172,
    2984786,
    3226081,
    6655759,
    12077681,
    13366735,
    14162390,
    14711218,
    15990955,
    17254531,
    17384975,
    19468655,
    19478843,
    23064001,
    28283976,
    28933543,
    30004590,
    31779458,
    34913538,
    40219052,
    45304575,
    47873543,
    49370091,
    51754778,
    51989744,
    56487859,
    56780577,
    57203384,
    58487146,
    58872579,
    60839858,
    66634685,
    68015151,
    68953869,
    69955154,
    70250217,
    73030052,
    73087736,
    76471252,
    76675983,
    79293149,
    80197930,
    80836121,
    83488325,
    95646826,
    96629603,
    98940296,
    99028402,
    101183090,
    103971639,
    103982356,
    107336002,
    109054032,
    116224070,
    119576821,
    119810729,
    121622580,
    122060721,
    132176505,
    133165934,
    134518022,
    135052401,
    137761010,
    139841279,
    144551915,
    146475521,
    147298521,
    149158144,
    151590777,
    152995386,
    156488614,
    157316159,
    169722185,
    170497878,
    176868906,
    178551278,
    181966432,
    185471946,
    192801229,
    196689214,
    216481023,
    226319225,
    237641087,
    239363848,
    240365171,
    240467315,
    242462834,
    243566583,
    247566354,
    250332843,
    262892748,
    263014163,
    264191542,
    265953369,
    274556737,
    275067030,
    277984959,
    293515713,
    300133032,
    310015296,
    319506955,
    319907037,
    324270060,
    329678092,
    338947231,
    345761903,
    347919456,
    348617686,
    359772144,
    366726102,
    373730302,
    381743187,
    406466049
  ],
  [
    220272,
    351586,
    2097868,
    2205539,
    2389735,
    2557900,
    2798492,
    3273716,
    3644276,
    3686030,
    4735352,
    4954619,
    5189438,
    5307882,
    9378797,
    9791656,
    10382308,
    10838562,
    13505976,
    14619319,
    17143724,
    17518179,
    19796798,
    20014787,
    21507079,
    21854034,
    22077271,
    24135632,
    25002961,
    25603959,
    26477842,
    28063414,
    28130094,
    29317583,
    29500324,
    30015594,
    31626902,
    31794498,
    32604461,
    33598097,
    34169625,
    34598193,
    34887752,
    35970375,
    37033110,
    38857151,
    39467598,
    39471282,
    40423146,
    41145246,
    42606728,
    42729656,
    43745467,
    45995641,
    47096989,
    47546291,
    48207057,
    49058953,
    49295198,
    49701320,
    50670157,
    51405477,
    51547887,
    52620683,
    54382104,
    55081360,
    56878783,
    58371063,
    60896550,
    60954409,
    64289604,
    64699974,
    65481051,
    65564887,
    66735238,
    68919706,
    71167691,
    71300217,
    74640562,
    75445065,
    79239568,
    82451742,
    83023765,
    83953676,
    84616940,
    85020961,
    85375971,
    86765274,
    86818406,
    87794979,
    88326513,
    91174521,
    91963168,
    93171720,
    95118957,
    95745252,
    96091097,
    96397642,
    97509272,
    97684766,
    98119451,
    100283214,
    101172980,
    102051880,
    103855239,
    112990982,
    113750197,
    115208177,
    117984464,
    118541076,
    118610709,
    120284334,
    125623683,
    133026914,
    133115061,
    135936731,
    137138419,
    138068382,
    138724304,
    139142590,
    139147917,
    139437379,
    139441431,
    141404798,
    142029091,
    142457425,
    144055838,
    145468529,
    145601750,
    146293713,
    146595062,
    146651881,
    146783090,
    147553151,
    148384097,
    150679383,
    151800267,
    151830997,
    152425985,
    154062927,
    155489645,
    157261177,
    160009384,
    161918593,
    164163073,
    165961118,
    167239088,
    167794708,
    167931629,
    171157312,
    171250800,
    174253294,
    179327541,
    180393264,
    183183294,
    184929435,
    186842154,
    187989268,
    188898236,
    188956547,
    190314860,
    195399638,
    198894916,
    201354653,
    206704105,
    207173273,
    208715728,
    210123260,
    212203087,
    213392657,
    214060921,
    216810614,
    217626478,
    221508101,
    223818514,
    224206624,
    231018016,
    232954250,
    234836125,
    236872000,
    240105951,
    245176909,
    246429821,
    252975240,
    267337085,
    269845047,
    271362784,
    280063783,
    284661258,
    295547797,
    305112007,
    305503493,
    306170455,
    318417308,
    328580188,
    334300016,
    340356164,
    346220231,
    353576444,
    363248884,
    363583422,
    396967815
  ],
  [
    35658,
    232037,
    1395273,
    1976104,
    2008436,
    2295266,
    8099224,
    13920329,
    16449096,
    16502083,
    20202795,
    21306012,
    22088737,
    27957466,
    34598193,
    37138383,
    37275633,
    39593852,
    48206202,
    50266804,
    57737570,
    68251964,
    68917898,
    71347339,
    72171993,
    76402054,
    78792116,
    81136027,
    92177257,
    93924752,
    94346001,
    99004695,
    99710567,
    103367380,
    110341847,
    114311240,
    142247813,
    146886586,
    152030615,
    153784653,
    157186509,
    161585445,
    162790329,
    171321526,
    171423944,
    174581071,
    180603089,
    182315568,
    184680739,
    187381830,
    189484114,
    195482523,
    200376765,
    201903139,
    222932194,
    223060006,
    226040547,
    229382536,
    236659791,
    236854920,
    258059062,
    270153211,
    274440275,
    280171161,
    282872422,
    306799028,
    320231794,
    325893176,
    342064539,
    348135059,
    349995222,
    352307549,
    374836656,
    388487313
  ],
  [
    4716,
    16554,
    19920,
    50534,
    63683,
    73986,
    81501,
    81771,
    83277,
    85674,
    95024,
    97094,
    169054,
    169174,
    170692,
    175885,
    208596,
    214638,
    219022,
    235907,
    331415,
    351586,
    356372,
    357992,
    372353,
    375804,
    382913,
    411796,
    417650,
    448464,
    452401,
    459050,
    509045,
    560606,
    572455,
    612395,
    661319,
    732084,
    772654,
    823449,
    852920,
    943824,
    1006035,
    1082577,
    1125634,
    1161988,
    1173122,
    1239424,
    1256961,
    1335197,
    1356613,
    1498572,
    1549885,
    1648930,
    1677370,
    1684434,
    1699145,
    1901996,
    1936845,
    1944447,
    1973077,
    1975308,
    2003702,
    2040214,
    2092628,
    2457859,
    2632374,
    3069117,
    3185349,
    3273660,
    3355822,
    3492262,
    3505868,
    3511554,
    3644276,
    3840412,
    3984617,
    4167503,
    4330961,
    4637137,
    4749335,
    4766882,
    4796559,
    4868528,
    5130024,
    5132024,
    5189438,
    5307882,
    5684131,
    5906582,
    6032346,
    6307594,
    6444112,
    6934009,
    7153901,
    7502916,
    7602554,
    7645439,
    8044569,
    8496975,
    8544462,
    9054278,
    9082541,
    9278904,
    9317778,
    10301317,
    10726544,
    11203414,
    11337568,
    12257370,
    12482927,
    12526760,
    12652096,
    12771651,
    12938985,
    13018919,
    13621811,
    13767351,
    13806088,
    13901571,
    14028501,
    14136966,
    14354795,
    14967036,
    15549212,
    15730708,
    16766311,
    16854215,
    17807476,
    18436532,
    18508188,
    19478913,
    19549350,
    20079001,
    20602660,
    20889128,
    21067671,
    21629399,
    22370604,
    24347557,
    25106430,
    25370856,
    26066892,
    26159953,
    26539297,
    27589308,
    28298664,
    28510345,
    32344902,
    32430170,
    32881669,
    33164428,
    33546798,
    34423303,
    34508894,
    34535931,
    34735759,
    34757244,
    35120361,
    35333082,
    37094487,
    38479117,
    38702527,
    38895225,
    39591562,
    42323637,
    42719284,
    44037949,
    47032793,
    47251236,
    50557646,
    51750583,
    52016855,
    52594051,
    52777867,
    55426523,
    55454268,
    56266045,
    57095601,
    62103663,
    63337481,
    68816414,
    70166398,
    70418530,
    71864683,
    78273589,
    78894083,
    80154786,
    80311708,
    81222581,
    81740164,
    83795578,
    84866698,
    86684857,
    90323731,
    92365806,
    95266102,
    95342061,
    96484203,
    97103928,
    104658019,
    114261644,
    117244889,
    119828110,
    120030368,
    120565621,
    125354310,
    125413920,
    133151034,
    134022290,
    134108924,
    137975492,
    139928076,
    145502341,
    146733709,
    147967939,
    150479987,
    150819336,
    151800267,
    152593838,
    153849352,
    154298536,
    154670464,
    156257446,
    158210777,
    158376904,
    158976152,
    164257227,
    165439922,
    168033211,
    170796404,
    178006605,
    179302991,
    180779699,
    181107882,
    183561440,
    183786989,
    188610767,
    194094005,
    195614424,
    198047092,
    207108744,
    213336167,
    224236617,
    225128784,
    241404432,
    250027990,
    251396661,
    255217090,
    293202677,
    316586363,
    328723850,
    330796491,
    333361079,
    334120163,
    334815911,
    337623925,
    355568255,
    359269474,
    361698238,
    375259556,
    375448020,
    376986940,
    388553440
  ],
  [
    50534,
    122196,
    270596,
    286191,
    294946,
    351586,
    362346,
    939870,
    962485,
    1160635,
    1812320,
    1977053,
    2000047,
    2171190,
    2262248,
    3117990,
    3381125,
    3507280,
    3581457,
    3644276,
    4198694,
    4566188,
    4714119,
    4748822,
    5538140,
    5662367,
    6423027,
    7049645,
    7233536,
    7619569,
    8229972,
    8239060,
    8242536,
    8435202,
    8518302,
    8828718,
    8862722,
    8972512,
    9348188,
    10144466,
    10207795,
    10596878,
    10963574,
    11272688,
    11314960,
    11987903,
    12125639,
    12276379,
    12482927,
    13186343,
    14834972,
    15108094,
    15966515,
    16684915,
    16701572,
    17972192,
    18321096,
    18342033,
    18686155,
    19478843,
    20445944,
    21206484,
    21651147,
    21796021,
    21903475,
    21926023,
    22798741,
    22890733,
    24469814,
    26073527,
    26477842,
    26514207,
    26539297,
    26608111,
    26949997,
    27573108,
    27956231,
    28594708,
    29277701,
    29317666,
    29359948,
    29484743,
    29728382,
    30611782,
    31745215,
    31787854,
    32433166,
    33437538,
    33454949,
    33988484,
    34598193,
    34842835,
    35460924,
    35571969,
    35643118,
    36300411,
    36577620,
    36703867,
    38526421,
    38796532,
    39138346,
    39598242,
    40255573,
    40596676,
    42071950,
    42218238,
    42606728,
    42643202,
    43113830,
    43115283,
    43613609,
    43631533,
    43721483,
    45513674,
    46025502,
    46052393,
    48550637,
    49253190,
    50296486,
    51542589,
    52117763,
    52385568,
    52626092,
    53404096,
    53660641,
    54382104,
    54566414,
    54599978,
    56298301,
    56376685,
    56595132,
    56614330,
    58299938,
    61853482,
    62508930,
    63674245,
    64537939,
    65398478,
    65786845,
    66843617,
    67140672,
    67472223,
    67612762,
    68119394,
    69404873,
    69448321,
    69495830,
    70216630,
    70591874,
    70971292,
    71002932,
    72105633,
    74410250,
    75413508,
    75553661,
    75690186,
    76206226,
    77006404,
    77338613,
    78925660,
    80955355,
    81644914,
    81765517,
    83953676,
    84067802,
    84129086,
    84550694,
    84573222,
    84852969,
    87415612,
    88110847,
    88253635,
    94584780,
    95593122,
    97151415,
    98758302,
    99680025,
    100094644,
    100625154,
    102024741,
    106456250,
    114539895,
    115589593,
    119475752,
    119526129,
    122245715,
    127196395,
    132861695,
    133432909,
    133913171,
    134473425,
    134478814,
    134582037,
    135932906,
    136512203,
    138609195,
    138683180,
    138906700,
    139369959,
    142205401,
    142688599,
    144071588,
    144297291,
    145465869,
    146589492,
    147261612,
    147486360,
    148925517,
    149106324,
    150777885,
    150819336,
    151926043,
    155335237,
    158416238,
    158507698,
    160900485,
    165510822,
    171297767,
    171831235,
    172729944,
    173931244,
    177086815,
    179825341,
    183629199,
    187975400,
    208542624,
    209584607,
    218608883,
    220094921,
    222496546,
    224034773,
    230444803,
    240664071,
    256075920,
    256359581,
    257201627,
    267416379,
    268897042,
    270923149,
    271290578,
    275308870,
    278864230,
    280633535,
    283766685,
    291778145,
    294212016,
    294923548,
    298253887,
    302801196,
    304696452,
    317057739,
    321050909,
    322766537,
    325543902,
    334895790,
    348704397,
    362445286,
    369822748,
    373182995,
    381487266
  ],
  [
    505750,
    2409167,
    3189489,
    3282431,
    4100543,
    5374676,
    10656695,
    12254461,
    13712372,
    19638599,
    31134531,
    33780327,
    35410821,
    36937207,
    37867197,
    42708935,
    46601497,
    54787543,
    65150884,
    72694413,
    76171266,
    82400171,
    83365118,
    91308608,
    103138952,
    128504947,
    139441431,
    153721426,
    155480983,
    158327796,
    159320932,
    159413195,
    164001183,
    164058505,
    167210333,
    184049658,
    187130731,
    206614824,
    213683037,
    215683612,
    226737194,
    270740645,
    281561810,
    283834641,
    302414450,
    324886316,
    354132401,
    356222761,
    362797666,
    370588677
  ],
  [
    50534,
    73986,
    114093,
    142000,
    176928,
    300760,
    327703,
    389949,
    411796,
    430039,
    607173,
    607213,
    674261,
    781862,
    876858,
    1855805,
    3581457,
    3920966,
    3928925,
    4273043,
    4543610,
    4852784,
    5189438,
    5750722,
    5790481,
    5812138,
    6129132,
    6525300,
    7190431,
    7492849,
    9298006,
    10026447,
    10601238,
    10760801,
    11095322,
    11112964,
    11314960,
    11869585,
    12482927,
    13891881,
    14107179,
    14619319,
    15416810,
    15916181,
    16372578,
    16449096,
    16701572,
    16917217,
    16928833,
    16939547,
    17113374,
    18220947,
    18274509,
    18365105,
    18473359,
    19204485,
    19697913,
    20805058,
    21267597,
    21796021,
    21903475,
    22798741,
    23050670,
    25774880,
    25871652,
    26187747,
    26477842,
    27026252,
    27349071,
    27828639,
    28054593,
    29149251,
    29724429,
    29728382,
    30637516,
    31359761,
    33641865,
    33984162,
    35092045,
    37006121,
    37867197,
    38080686,
    39457838,
    40006058,
    40255573,
    41058470,
    41776935,
    41882076,
    42038105,
    42444399,
    43612837,
    44168872,
    45260043,
    45690279,
    48552347,
    49241881,
    49547164,
    49555257,
    49805285,
    50405342,
    51405477,
    51880899,
    53455443,
    58064294,
    59420648,
    63171393,
    63287325,
    68437072,
    68779702,
    73151282,
    74223670,
    77338613,
    82453708,
    82869208,
    84866698,
    86024200,
    89537747,
    89643630,
    91308608,
    94148483,
    98021607,
    102774500,
    103679838,
    108900474,
    109143262,
    110353524,
    110370293,
    116613094,
    120255326,
    127851298,
    130128612,
    131789191,
    132757084,
    132934793,
    133119626,
    135687041,
    136060271,
    136688377,
    136738440,
    138298640,
    141019768,
    141528844,
    142896416,
    143011532,
    145238320,
    145465869,
    146482235,
    146538073,
    147527791,
    149122099,
    150255289,
    150819336,
    151036540,
    151405989,
    152467828,
    153766513,
    154129035,
    155321859,
    157191420,
    159764925,
    162847287,
    165747998,
    168654228,
    169545578,
    171546916,
    173243237,
    176087474,
    177218235,
    177365211,
    177635153,
    180249431,
    181526410,
    181895181,
    182046666,
    185066219,
    192072659,
    193095474,
    193385097,
    194494575,
    196263373,
    199235474,
    207108744,
    214225191,
    215557882,
    219800130,
    219829083,
    220513055,
    226175909,
    228161369,
    230705548,
    234014264,
    236441709,
    237796400,
    238984310,
    239553320,
    239687871,
    241194116,
    247968795,
    256075920,
    259015518,
    265612305,
    269516300,
    275308870,
    276786405,
    280633535,
    280793228,
    284798099,
    294230673,
    298312763,
    300928922,
    304696452,
    305087806,
    310878050,
    312640078,
    315490905,
    316568363,
    320978266,
    323162582,
    323468441,
    325025896,
    325543902,
    326024167,
    326957202,
    331129861,
    336797376,
    348009609,
    351911389,
    352086855,
    352405464,
    355183282,
    356422142,
    361518699,
    367755661
  ],
  [
    159071,
    336397,
    366179,
    613084,
    844522,
    1332396,
    1379930,
    1519916,
    1663432,
    1771649,
    2269227,
    2953695,
    3332233,
    4028634,
    4704646,
    4776485,
    5585583,
    6618888,
    7179111,
    7854978,
    8392245,
    9015866,
    9781194,
    11306760,
    11534010,
    11586011,
    13335745,
    13941044,
    16777710,
    18052838,
    18482025,
    19874400,
    20584486,
    20898610,
    25566714,
    26220524,
    27608774,
    29033189,
    29317666,
    29391544,
    29691351,
    31396595,
    41362677,
    43680212,
    46433313,
    58918334,
    76341377,
    84624268,
    90199940,
    92399175,
    95187335,
    99165705,
    99370962,
    99701799,
    105723594,
    111185999,
    118371709,
    119269535,
    120625787,
    131832641,
    132716357,
    138609195,
    138973417,
    140170732,
    142946689,
    153083350,
    189813272,
    197077660,
    199088840,
    225504899,
    317337125,
    324649117,
    328077155,
    329325416,
    330376920,
    351424322,
    354754163,
    367472264,
    377534783,
    391890149,
    397390383,
    397440876,
    407673392
  ],
  [
    36038,
    210396,
    270596,
    352122,
    411796,
    514561,
    590483,
    821226,
    850803,
    918780,
    1010971,
    1305096,
    1340080,
    1586584,
    1704781,
    1916329,
    2050145,
    2300389,
    2352506,
    2507732,
    2613142,
    2672302,
    2706557,
    3119415,
    3370211,
    3489848,
    3630759,
    3644276,
    3734974,
    3934087,
    4242683,
    4506701,
    4946871,
    5152566,
    5428286,
    5490055,
    5539861,
    5889946,
    6590140,
    6685239,
    7104218,
    7417585,
    7520366,
    7628497,
    8107861,
    8111377,
    8540023,
    8808477,
    9087131,
    9175988,
    9230358,
    9298006,
    9300949,
    9421220,
    9936808,
    10852837,
    11158285,
    11750733,
    12567907,
    12991807,
    13377191,
    14035042,
    14372713,
    14408798,
    15076851,
    16777652,
    17080601,
    17889127,
    18531592,
    18741559,
    18750371,
    18820481,
    20085333,
    20426071,
    20492087,
    21314492,
    21413658,
    21796021,
    22798741,
    23091668,
    23710985,
    24497980,
    25659174,
    26907778,
    26923100,
    28640346,
    29683222,
    30384637,
    30569161,
    31276284,
    31880177,
    32197068,
    32720383,
    33804160,
    34266303,
    34433036,
    34598193,
    35092045,
    35608562,
    35725686,
    35727517,
    36577620,
    37033110,
    37352626,
    37945468,
    38256018,
    38733920,
    39271598,
    39598242,
    40255573,
    42383793,
    42743253,
    43564298,
    44117313,
    44205305,
    44245277,
    44414798,
    45695933,
    45761720,
    47096989,
    48912858,
    49268872,
    49845535,
    51374929,
    52130615,
    52908143,
    54458519,
    55033999,
    56579523,
    58146407,
    58660337,
    59048386,
    60434679,
    60449948,
    60656308,
    60832089,
    61584645,
    61586136,
    63133691,
    63136269,
    65341498,
    66290105,
    66840054,
    68779702,
    70273989,
    73543523,
    74089177,
    75240739,
    75273130,
    77835337,
    78131323,
    78543818,
    78961890,
    87257392,
    87332287,
    87576357,
    90390352,
    91308608,
    92803630,
    93767657,
    97361415,
    98229912,
    98313522,
    98636240,
    101099134,
    103928103,
    108770183,
    108856282,
    114937036,
    116778861,
    118940854,
    123341075,
    125477666,
    130128612,
    131529413,
    136757152,
    137073314,
    137490654,
    137837846,
    138616477,
    138872903,
    141862072,
    143956999,
    144729372,
    145154346,
    148014211,
    148366617,
    148577957,
    150243978,
    152255732,
    152264359,
    152847195,
    154683871,
    155144295,
    155592906,
    156111968,
    156411389,
    157526904,
    159803788,
    160874886,
    165033048,
    165438392,
    166036367,
    166502661,
    168017999,
    168133098,
    176087474,
    176705535,
    178140075,
    179785785,
    179799952,
    184349297,
    186373416,
    193301221,
    194865883,
    197538163,
    201481480,
    206271096,
    206841302,
    207108744,
    207263052,
    207403922,
    209477030,
    213031052,
    217424367,
    227570395,
    233211687,
    233271872,
    236845489,
    240170297,
    242264461,
    243449859,
    243798885,
    244323055,
    244682642,
    245529333,
    253698647,
    254412992,
    256317529,
    259464474,
    262509070,
    265496917,
    269124833,
    269907475,
    273601748,
    273611026,
    276151238,
    293555911,
    316296778,
    318258093,
    321078083,
    331799190,
    332467538,
    334597137,
    339397104,
    339554458,
    340324418,
    345263911,
    345667417,
    349820173,
    353357575,
    364533549,
    397219393
  ],
  [
    30728,
    171722,
    271343,
    272058,
    337455,
    411796,
    458455,
    470817,
    553496,
    836556,
    915387,
    971374,
    1133683,
    1154559,
    1194322,
    1413685,
    1637446,
    1928439,
    1943597,
    1994910,
    2156557,
    2476047,
    2876722,
    3145243,
    3265560,
    3644276,
    3741871,
    4275818,
    5080408,
    5189438,
    5212101,
    5539861,
    5684091,
    6049418,
    6055025,
    6680885,
    6925365,
    7274668,
    7396711,
    7405039,
    7703114,
    8350410,
    8936164,
    8956563,
    9450167,
    9795905,
    10311173,
    10352226,
    10965002,
    11113217,
    11387147,
    11425332,
    11437806,
    11932715,
    11939939,
    12460127,
    12482927,
    13468959,
    13475253,
    13580377,
    13793857,
    14523019,
    15869883,
    16662651,
    16905163,
    17449154,
    17477656,
    18027020,
    18120403,
    18206094,
    18590368,
    18873824,
    19915608,
    20103630,
    20508832,
    21133729,
    21214356,
    21217065,
    21399295,
    21796021,
    22311949,
    22798741,
    23283173,
    23341530,
    24038562,
    24700737,
    25191385,
    25277060,
    25557628,
    25599804,
    25642000,
    26223862,
    26542622,
    27026252,
    27402769,
    28770946,
    29359948,
    30202091,
    30222138,
    31617645,
    32001687,
    32596727,
    32981810,
    33961625,
    35861564,
    36104675,
    36421848,
    36577620,
    37133491,
    37376039,
    37672283,
    38080686,
    38087541,
    38699442,
    38888187,
    40301441,
    41399847,
    42056511,
    42743253,
    43685510,
    45876664,
    46476296,
    47096989,
    47474409,
    47636027,
    47674256,
    47864824,
    48028986,
    50670157,
    51405477,
    52829157,
    57334836,
    57435314,
    58056385,
    58342653,
    58386254,
    58430505,
    58487146,
    58713837,
    59989995,
    61356197,
    64041390,
    64283845,
    64639121,
    65030059,
    65246163,
    67318318,
    68392108,
    68779702,
    69182885,
    69214825,
    71177085,
    71745725,
    72098022,
    72708454,
    73236613,
    73912582,
    74484615,
    74680000,
    75982323,
    77313460,
    78564164,
    78849093,
    79122109,
    79698470,
    79745552,
    79975793,
    80637772,
    82470159,
    82632983,
    83668399,
    85662747,
    87409476,
    87794979,
    91308608,
    93287740,
    94507103,
    95104222,
    95141181,
    95176872,
    96032176,
    96369982,
    97344680,
    97387291,
    98460148,
    99316902,
    99817024,
    100504969,
    100511742,
    100829201,
    102793529,
    103013484,
    103209941,
    103975495,
    106447863,
    110641377,
    112340962,
    114581599,
    114807901,
    115084761,
    115892669,
    117517456,
    118562219,
    118753715,
    118834483,
    119238492,
    119600899,
    120141189,
    120446655,
    120859775,
    123834014,
    125671494,
    125827291,
    129029720,
    129706320,
    130976396,
    131420549,
    131709815,
    132376143,
    132710533,
    132761196,
    132861695,
    133908310,
    133915052,
    134120425,
    134518022,
    134841214,
    135403138,
    136588619,
    136631872,
    137067801,
    137749536,
    138413008,
    138766069,
    139204000,
    139342842,
    139659495,
    139802370,
    141083188,
    141564786,
    143529138,
    144315715,
    144965322,
    145160673,
    145664077,
    145672936,
    145711626,
    146097319,
    146907887,
    147179902,
    147633419,
    148210133,
    151206955,
    151800267,
    152762485,
    153227934,
    153250132,
    153300924,
    153384542,
    154797682,
    156838869,
    157084198,
    157635317,
    159838069,
    159880051,
    159983819,
    161779431,
    161976073,
    162747380,
    163498162,
    163802014,
    164995636,
    166597414,
    166705939,
    167517626,
    167846148,
    168176386,
    168551844,
    169391851,
    170310260,
    171385694,
    171385793,
    171533944,
    171545969,
    171922828,
    173900433,
    174446907,
    174939783,
    175543593,
    175978352,
    176303478,
    178856724,
    179403437,
    180603089,
    180614739,
    181663422,
    183021089,
    183538256,
    185375814,
    185668326,
    187124789,
    188007815,
    190284452,
    191932869,
    193929930,
    194599832,
    195814727,
    196868462,
    198132575,
    200789853,
    201118011,
    201975152,
    204380437,
    204658436,
    205007585,
    205126163,
    205251701,
    205517496,
    205608632,
    206837883,
    207001479,
    207011346,
    207108744,
    207994639,
    208094492,
    211734399,
    212203087,
    215568224,
    216545311,
    219378671,
    220427202,
    222096353,
    222984897,
    224835988,
    230736830,
    232305338,
    234305973,
    235408953,
    236697615,
    238445548,
    238869209,
    241114901,
    242295670,
    246878669,
    248912582,
    250199141,
    251274614,
    252008064,
    254598747,
    254880412,
    257651685,
    260561338,
    263216604,
    265392676,
    269352152,
    269862413,
    270802632,
    274825708,
    275108696,
    276124116,
    278574475,
    278937274,
    279263486,
    281389053,
    281923274,
    287277351,
    289700967,
    289854823,
    290964678,
    292150845,
    292282186,
    294378284,
    296602562,
    301011591,
    301603127,
    302084250,
    302281030,
    302559982,
    302810905,
    304891646,
    305680925,
    306515058,
    308377291,
    308416498,
    312753680,
    314202540,
    314438181,
    315093254,
    320931313,
    320958830,
    321021590,
    321573395,
    323449436,
    329122038,
    329861976,
    330275031,
    332635134,
    334344185,
    335659408,
    337929067,
    339163381,
    340191533,
    348227286,
    348395693,
    348683799,
    356389582,
    357810105,
    358447516,
    359325971,
    359414436,
    363024460,
    366462956,
    379679916,
    382709062,
    389216540,
    394197964,
    404985523
  ],
  [
    5322818,
    5768005,
    10384782,
    10552638,
    17697831,
    31991540,
    56160207,
    59168120,
    86824439,
    90497573,
    95824572,
    97141205,
    123433534,
    136035401,
    140006436,
    150884646,
    153892012,
    154279143,
    158046109,
    160533654,
    181583251,
    183428367,
    184377684,
    185024842,
    223568609,
    227257342,
    232809629,
    238701754,
    259093937,
    267163189,
    272646084,
    321234723,
    341988232,
    393002879
  ],
  [
    89913,
    1592833,
    2041740,
    11932696,
    12482927,
    15400039,
    17528106,
    18372765,
    19478843,
    20023622,
    20805058,
    21007591,
    21796021,
    21903475,
    22375957,
    22798741,
    26923100,
    27026252,
    27296529,
    29149251,
    29633016,
    34779676,
    40193013,
    40255573,
    42412218,
    47116484,
    48702471,
    49577955,
    51103852,
    54320530,
    55175450,
    56295061,
    60896550,
    63865187,
    68886452,
    74158180,
    77338613,
    84866698,
    93402798,
    118551054,
    132861695,
    137297866,
    143011532,
    145465869,
    185921328,
    193385097,
    196263373,
    196394148,
    200163490,
    217139061,
    226842648,
    229328051,
    233948902,
    238995436,
    249472958,
    266947748,
    276985946,
    280633535,
    289854823,
    312640078,
    325543902,
    353307785,
    356917038,
    403397119
  ],
  [
    60623872,
    263771071
  ],
  [
    320504,
    1238621,
    5590478,
    8392402,
    56549574,
    57094353,
    83504044,
    86817887,
    96141764,
    124635397,
    133789474,
    149149178,
    161336141,
    167872776,
    187866518,
    194335105,
    204708501,
    208272324,
    215427473,
    217742495,
    224134217,
    230874046,
    234894574,
    237454532,
    238322086,
    238470656,
    239483331,
    241656574,
    242214139,
    244808154,
    245443648,
    245484597,
    245612726,
    250697218,
    290651244,
    301423980
  ],
  [
    1938804,
    2498749,
    7441206,
    23489673,
    51441051,
    54966041,
    55361771,
    60527438,
    75260251,
    105372944,
    133119626,
    144547198,
    158868253,
    159020547,
    164115989,
    166792525,
    166809727,
    182328166,
    196957961,
    197214499,
    198977074,
    200174886,
    205696831,
    215353977,
    217039164,
    228610515,
    228737922,
    230049078,
    233457391,
    235452647,
    235557590,
    246346140,
    247021443,
    248077906,
    253077432,
    253717029,
    256189311,
    266716188,
    266927951,
    267510176,
    271562174,
    272930044,
    274581804,
    278921606,
    282254557,
    285899622,
    286661130,
    293514294,
    295747451,
    302066973,
    302076639,
    306418733,
    307058133,
    315671653,
    316391039,
    322090647,
    322748409,
    340587392,
    351733771,
    352086855,
    360261271,
    377149890,
    377972103,
    382189134,
    386163965,
    390416127,
    393601088,
    394790871,
    399225922,
    400133547
  ],
  [
    16063995,
    244832777
  ],
  [
    5808084,
    6690257,
    7741496,
    26052837,
    27161269,
    52058069,
    78714563,
    94845195,
    151766048,
    158011074,
    162308725,
    174069979,
    174706533,
    188914423,
    190157924,
    190763096,
    191485672,
    191741539,
    194671284,
    196430558
  ],
  [
    610222,
    5320317,
    10613827,
    18704023,
    20326728,
    22811031,
    28568613,
    56225031,
    63489727,
    94821756,
    145551876,
    152371474,
    170324917,
    373229428
  ],
  [
    6708938,
    24700737,
    48095816,
    66330543,
    103382214,
    120321852,
    133993577,
    138683524,
    148513059,
    160152034,
    161891610,
    165211613
  ],
  [
    5575933,
    6091880,
    7921627,
    12506170,
    31134160,
    53851273,
    55098337,
    68779702,
    69057976,
    99383147,
    100628854,
    110353524,
    114384657,
    159772336,
    171516329,
    171646748,
    174706533,
    174760037,
    175211201,
    180495130,
    184349297,
    195546040
  ],
  [
    1359654,
    1400481,
    3090235,
    3554662,
    4168207,
    5212101,
    5391961,
    7208147,
    8886227,
    9936808,
    13405783,
    13692494,
    14035042,
    14623365,
    16246992,
    22798741,
    23747819,
    26047518,
    27026252,
    32442426,
    40375312,
    44554606,
    50670157,
    55592449,
    59372210,
    60679799,
    70273989,
    82588387,
    85347533,
    88583298,
    94587153,
    105411223,
    106159034,
    113357912,
    116344195,
    120935683,
    132176505,
    134518022,
    139483599,
    150743063,
    153529281,
    155027439,
    160940274,
    162838490,
    178302470,
    186693093,
    187524460,
    190161276,
    197872740,
    198297841,
    198410405,
    198818432,
    205886653,
    210893089,
    211511989,
    229994348,
    230213747,
    230971055,
    231920730,
    248322410,
    253362192,
    302110946,
    312710396,
    313382489,
    321182573,
    371442886
  ],
  [
    3520383,
    3644276,
    5539861,
    6445358,
    8289781,
    11468824,
    17919291,
    20111590,
    22062195,
    23954735,
    26047518,
    27831688,
    29359948,
    29548633,
    30235160,
    31843516,
    32337285,
    35608562,
    35802446,
    36759230,
    39271598,
    40912281,
    42534989,
    42922471,
    43104503,
    44992923,
    46847026,
    48050209,
    50133119,
    59992999,
    62554091,
    63556734,
    65846894,
    85612388,
    88503274,
    96336130,
    101506430,
    105358868,
    105661301,
    110389430,
    111671523,
    121172664,
    121451829,
    122723138,
    123288563,
    123813370,
    125734363,
    128890184,
    132487821,
    135611553,
    138487524,
    139261964
  ],
  [
    163774,
    183813,
    3474256,
    8005391,
    8225882,
    27831688,
    37033110,
    38462522,
    45048700,
    49701320,
    50515438,
    51595344,
    54391938,
    60896550,
    64208554,
    81228087,
    84129086,
    88214037,
    94335910,
    109109223,
    109308552,
    120147624,
    133993577,
    134615603,
    135381329,
    138683524,
    145485683,
    145709929,
    151069438,
    152975007,
    154081828,
    155695513,
    156171273,
    157533973,
    159825057,
    161779431,
    161891610,
    163207637,
    164761433,
    170004044,
    171007451,
    176332007,
    179254701,
    181335566,
    186751378,
    188127350,
    188383116,
    188821537,
    191693834,
    193173915,
    194696918,
    198615181,
    206510044
  ],
  [
    628972,
    1090177,
    2586924,
    2975602,
    3409400,
    3774453,
    4105210,
    4705806,
    6802091,
    7668504,
    8046732,
    8402341,
    8462175,
    8528672,
    8927751,
    8938801,
    9781014,
    10401794,
    11191065,
    11210083,
    11487738,
    11880239,
    12355454,
    12559474,
    13277250,
    14283219,
    14509371,
    15309691,
    16026064,
    16212122,
    16547758,
    17315481,
    18632785,
    18761538,
    19713668,
    22015331,
    22371860,
    23098967,
    23306273,
    23433444,
    23802423,
    23807904,
    23859739,
    23970379,
    24204004,
    25427805,
    25767226,
    26514354,
    28352011,
    28632013,
    29888963,
    30003105,
    30465061,
    31816526,
    32480945,
    32559395,
    33504988,
    33711878,
    34943490,
    38557899,
    39614093,
    40597513,
    41173176,
    41901820,
    44412565,
    44753883,
    44959974,
    46721460,
    48561646,
    49019196,
    49223001,
    49366600,
    49569477,
    51442291,
    51855484,
    52087233,
    54453804,
    59364584,
    61182432,
    62719656,
    64453504,
    64815734,
    64828779,
    66752552,
    67635933,
    68045650,
    68690795,
    69448836,
    70889426,
    71942356,
    72034054,
    73803334,
    74009589,
    74296072,
    74326147,
    74566665,
    74684196,
    75114617,
    78246238,
    78406137,
    78737893,
    79139215,
    81306968,
    81850171,
    82519392,
    83967014,
    84411054,
    89240477,
    89594683,
    90484539,
    91664661,
    91870265,
    93721115,
    96133313,
    96355025,
    97551422,
    99469628,
    105602112,
    114664864,
    119687705,
    121743329,
    124784456,
    125251820,
    127498583,
    136283568,
    136333094,
    136493560,
    138349447,
    142385878,
    144386939,
    144752669,
    146615582,
    147130692,
    151766048,
    162308725
  ],
  [
    25685,
    49502,
    81501,
    177676,
    227248,
    270596,
    292167,
    319320,
    351586,
    398868,
    411796,
    500796,
    533882,
    786070,
    2002961,
    2324966,
    3361960,
    3370211,
    3505868,
    3581457,
    3644276,
    4301288,
    4624246,
    5063564,
    6805391,
    8957325,
    10505684,
    10517184,
    11138030,
    11595417,
    11875735,
    12478871,
    12531614,
    12590528,
    12926592,
    14795181,
    15176451,
    15589929,
    16335735,
    16553841,
    16601738,
    17614500,
    18014291,
    18206094,
    18897179,
    19775492,
    20602660,
    20775058,
    21765508,
    21903475,
    25125329,
    25453871,
    27563416,
    29228700,
    32094865,
    32949954,
    34755234,
    36297930,
    36421848,
    38223017,
    38589403,
    38699442,
    38864227,
    42278578,
    43711613,
    45716748,
    47096989,
    47674256,
    48698278,
    48912858,
    50408345,
    51827510,
    54382104,
    56418251,
    58232572,
    58276151,
    58458616,
    61250699,
    63211618,
    63791911,
    68485119,
    70126516,
    77407701,
    84380909,
    84778740,
    88702448,
    90615578,
    92430021,
    102162895,
    104374786,
    110674510,
    114365784,
    122400509,
    122786598,
    122846660,
    133285937,
    134012149,
    137502468,
    139093921,
    139982601,
    141207040,
    141990263,
    142247813,
    142677374,
    143513765,
    144297291,
    145598162,
    145921541,
    146178603,
    156043581,
    157864597,
    166696257,
    167410427,
    167931629,
    171530430,
    177827405,
    182944294,
    184147331,
    184605233,
    186858588,
    192522389,
    199754369,
    201854200,
    201972143,
    205044360,
    206433961,
    222811269,
    226180978,
    244800905,
    267019481,
    277753461,
    277983686,
    280653672,
    281967160,
    287258283,
    308625910,
    310701139,
    311205391,
    314548152,
    321394545,
    343715549,
    354471649,
    355752312,
    356347205,
    363437988
  ],
  [
    2258658,
    3406270,
    6268299,
    9365837,
    15592840,
    17575165,
    17625627,
    18076583,
    18858489,
    20770365,
    26885502,
    27026252,
    37627132,
    37754563,
    49590697,
    53551394,
    58162129,
    60447423,
    78537781,
    99817024,
    107256147,
    110353524,
    133562610,
    134032374,
    138119104,
    138464812,
    143966163,
    144076431,
    147852578,
    150318169,
    157640351,
    158120482,
    159934798,
    168931128,
    169203847,
    170025818,
    172529123,
    177773685,
    179171319,
    179960618,
    184830142,
    190672535,
    192408096,
    195487291,
    197567564,
    206097898,
    209905162,
    210904641,
    227758256
  ],
  [
    732773,
    910461,
    1372123,
    1400481,
    2198729,
    2872655,
    2912639,
    3644276,
    4644627,
    5212101,
    5782925,
    6405552,
    6541910,
    6695473,
    6706433,
    6711654,
    6735456,
    6931962,
    7127998,
    8002154,
    8081969,
    8087304,
    8758112,
    9095899,
    9106740,
    9207856,
    9357965,
    9647740,
    10243607,
    10469617,
    10707036,
    11390972,
    11445109,
    11524920,
    12159301,
    12353773,
    13186343,
    13365563,
    13405783,
    13475253,
    13530232,
    13833718,
    13891881,
    14408880,
    14967349,
    15042654,
    15204414,
    15951353,
    16099144,
    16118516,
    16372578,
    16403104,
    17975066,
    18490972,
    18601869,
    18741559,
    18828672,
    19216984,
    19423560,
    19770235,
    20236212,
    20426071,
    21638287,
    22043703,
    22705095,
    22798741,
    23053013,
    26143002,
    27004621,
    27512515,
    27749829,
    29193265,
    30493151,
    31099520,
    31303900,
    31359761,
    32001763,
    32613747,
    32895759,
    33817159,
    34032139,
    34786377,
    35409307,
    35428000,
    37035352,
    37062782,
    38080686,
    38733920,
    39789400,
    40213385,
    40863049,
    41084670,
    41519020,
    41884321,
    43262563,
    44245277,
    45262625,
    45311340,
    45439612,
    45485488,
    45695933,
    46433313,
    47096989,
    47453085,
    47808605,
    48346325,
    49268872,
    49599690,
    50675177,
    51399633,
    51839451,
    53272904,
    53777605,
    53783921,
    55947518,
    56471072,
    57674095,
    58013596,
    58988200,
    59660495,
    60039670,
    60375252,
    60679799,
    62980415,
    63820991,
    64111351,
    64279490,
    64460745,
    65828905,
    65851689,
    66582869,
    66749569,
    67128927,
    67260387,
    69214825,
    70273989,
    71167691,
    71979137,
    72453179,
    73616394,
    75464461,
    76391276,
    76660361,
    77343222,
    77545103,
    82309194,
    82608010,
    83223095,
    84456935,
    85347533,
    85516626,
    85612388,
    85850976,
    86350180,
    87030748,
    87237108,
    88234700,
    88672172,
    89691508,
    89718533,
    89864480,
    90034442,
    90698495,
    93700417,
    94226892,
    95143058,
    96023506,
    96851378,
    97259597,
    98221446,
    98229912,
    98274683,
    99641326,
    99854485,
    100587763,
    100628854,
    100748688,
    100875419,
    102391424,
    102485726,
    103184296,
    103622665,
    106637947,
    106826026,
    107131947,
    109411180,
    110353524,
    110609985,
    112089523,
    112114834,
    114155433,
    115928359,
    117183521,
    117699677,
    120101122,
    120236404,
    120611940,
    121427396,
    121499980,
    123650760,
    125001761,
    125216859,
    128516725,
    130128612,
    130565678,
    131402902,
    131493187,
    131796957,
    131983978,
    132344541,
    133113268,
    134078394,
    134518022,
    135445546,
    136750661,
    136909524,
    137283476,
    137487597,
    137885762,
    138313158,
    138599387,
    138673444,
    139040169,
    139698421,
    139844602,
    139944494,
    140017506,
    141095621,
    141205727,
    141687418,
    141731063,
    143711626,
    144102963,
    145379325,
    145490707,
    145568036,
    145597179,
    146143340,
    146262031,
    146422544,
    146439956,
    146885787,
    147337254,
    148019990,
    150400474,
    150418370,
    150433530,
    150446999,
    150810986,
    151491997,
    151593059,
    152142088,
    152184065,
    152363814,
    152371519,
    152420525,
    152660828,
    152693301,
    154176124,
    154291819,
    154503909,
    154604362,
    155041011,
    155050675,
    155208249,
    155624982,
    155739242,
    155917174,
    156357631,
    156679337,
    156927639,
    157069186,
    157139378,
    157214460,
    157321724,
    157506154,
    158256794,
    159107468,
    160124568,
    160272168,
    161104330,
    161242518,
    161527455,
    162747380,
    162925649,
    163450604,
    163806858,
    163926568,
    163933395,
    164092378,
    164761433,
    164835505,
    165033048,
    165480124,
    166680984,
    167037720,
    167474311,
    168431068,
    168778495,
    169411317,
    169623620,
    170038737,
    171050843,
    171556463,
    171565464,
    172772582,
    173226258,
    176087474,
    176297596,
    177719869,
    177989008,
    178386601,
    179330708,
    180429465,
    180603089,
    180604066,
    180694834,
    180948339,
    181008332,
    181521815,
    181855375,
    182476567,
    183021089,
    183047074,
    183681287,
    184349297,
    184751306,
    185066868,
    185816073,
    187756674,
    188598234,
    189045341,
    190554677,
    190781894,
    191273460,
    191835814,
    191870477,
    192039255,
    192738351,
    193323227,
    193532458,
    194911600,
    195137984,
    195516216,
    196329849,
    197134932,
    197770442,
    198500760,
    199207329,
    199230408,
    199836389,
    200875370,
    201210879,
    201615676,
    203209614,
    203528368,
    205126163,
    205919133,
    206930119,
    207684736,
    209279593,
    209917278,
    212487231,
    212532277,
    213942239,
    213970014,
    214668453,
    216570392,
    218636264,
    219516786,
    219571217,
    219983130,
    220118651,
    220463097,
    220760293,
    221652608,
    221868791,
    222487955,
    223128090,
    223393411,
    223448465,
    223593191,
    223701001,
    223910031,
    227540512,
    229683580,
    230073190,
    230400209,
    230514572,
    230662638,
    231796709,
    231960197,
    232251238,
    233469528,
    235196470,
    235269591,
    236107459,
    238599279,
    238642510,
    239951058,
    240605281,
    240848171,
    242372800,
    243083528,
    243449859,
    243941760,
    244319332,
    244355658,
    244450012,
    244527488,
    245864153,
    246087697,
    247157946,
    247769272,
    248086453,
    249438176,
    250102541,
    252266148,
    252758459,
    253197198,
    253556239,
    253857703,
    255821191,
    268291135,
    272388219,
    281387620,
    284579943,
    288020887,
    289854823,
    292149291,
    294693574,
    302975831,
    303376800,
    304266899,
    305519550,
    307916323,
    310165977,
    310494680,
    317765050,
    318130687,
    328478452,
    330214095,
    332825891,
    352315032,
    354211638,
    381234163,
    386025389,
    386297007,
    387019351,
    387292712
  ],
  [
    50534,
    108742,
    3644276,
    3647183,
    4608295,
    4768244,
    4946871,
    5099945,
    5902965,
    5964394,
    8418436,
    9936808,
    11082889,
    11456874,
    13365563,
    13405783,
    14035042,
    15342293,
    16372578,
    17518179,
    18764256,
    19478843,
    20775058,
    20805058,
    21217065,
    21796021,
    22798741,
    24892366,
    26923100,
    27027642,
    30493151,
    30880401,
    31359761,
    31796951,
    31880177,
    32287503,
    34146596,
    34660580,
    35420040,
    35427730,
    35725686,
    36577620,
    38080686,
    38488448,
    39598242,
    40255573,
    40413910,
    41695869,
    42743253,
    42922011,
    47096989,
    50670157,
    52041383,
    52151726,
    52194914,
    52364200,
    52858646,
    53412008,
    54973011,
    62043902,
    62441720,
    65740146,
    67442696,
    68485119,
    69752628,
    71140128,
    71168675,
    73892484,
    77798728,
    78101409,
    78408612,
    81135762,
    82451742,
    88487991,
    91308608,
    91385923,
    97344680,
    98926585,
    102212031,
    106139576,
    108620137,
    110369615,
    125348650,
    136665860,
    137487597,
    137626457,
    139346882,
    143273269,
    146007646,
    146509647,
    146517204,
    147855324,
    149605618,
    151000581,
    151633074,
    154463797,
    154797682,
    158777502,
    159413195,
    160786643,
    164761433,
    166419494,
    170719898,
    175635538,
    176087474,
    183328767,
    184771920,
    185057191,
    186039816,
    192072659,
    194264858,
    196263373,
    198573100,
    205580348,
    207108744,
    207263052,
    209085605,
    212203087,
    214399619,
    219782958,
    222044266,
    225558594,
    228635562,
    228973979,
    229905658,
    230514572,
    231608476,
    245333601,
    260829909,
    264393093,
    266177701,
    271951464,
    272947878,
    280633535,
    281266235,
    284308185,
    285529689,
    289854823,
    291788658,
    292129988,
    292815271,
    302471922,
    303376800,
    320906557,
    321021590,
    324742446,
    325543902,
    326164772,
    326228770,
    326804218,
    328004840,
    335765089,
    339748647,
    350406694,
    350453203,
    369225856,
    369539916,
    374876194,
    379501555,
    381482521,
    381759966,
    397550115
  ],
  [
    17964907,
    21032903,
    42067701,
    58285437,
    87146249,
    182360704,
    199609329,
    203170850,
    218754400,
    244786934,
    252975240,
    269976280,
    272419668,
    295234494,
    308133173,
    313870359,
    330678707,
    339918026,
    355767609,
    360689758,
    372934606
  ],
  [
    411796,
    699102,
    984885,
    9859014,
    16621883,
    17697802,
    24700737,
    38858883,
    42278578,
    45847375,
    47096989,
    67873077,
    68028560,
    68485119,
    68663824,
    68779702,
    69057976,
    83852642,
    84314183,
    85652587,
    114095500,
    119022684,
    121501237,
    133119626,
    133285937,
    134085967,
    135637473,
    144811763,
    145212840,
    171809466,
    194696428,
    207108744,
    224288228,
    241082489,
    276838808
  ],
  [
    783052,
    1625814,
    1987083,
    2072418,
    2255858,
    2785777,
    2919571,
    2924623,
    3046340,
    3455088,
    3733553,
    3886090,
    3921914,
    4470874,
    4616655,
    5827859,
    5860415,
    6157908,
    6626310,
    7804516,
    8167497,
    8439732,
    8556133,
    9103439,
    9685887,
    9858363,
    9878790,
    10089107,
    10270072,
    10443514,
    11319499,
    12343893,
    12697603,
    12991969,
    13007949,
    13293858,
    13469436,
    14092846,
    14159092,
    14472278,
    15049628,
    15076667,
    15395749,
    15921682,
    16948594,
    17138162,
    17890431,
    18611586,
    18647513,
    19699173,
    19889851,
    20817548,
    21453798,
    22573878,
    22651538,
    22858502,
    23327659,
    23499367,
    24464817,
    25597824,
    27390904,
    27804317,
    28254037,
    29166586,
    29220226,
    29742122,
    30640501,
    31958446,
    32008692,
    33202757,
    33989783,
    34062398,
    34471042,
    34528016,
    35140410,
    35211235,
    35889182,
    36474026,
    39607269,
    40009608,
    40477341,
    42700901,
    44275014,
    44576950,
    45653227,
    46725494,
    47938226,
    48543468,
    51084967,
    52225012,
    52332466,
    53139794,
    53753844,
    54291694,
    54882255,
    57794737,
    57899210,
    58088679,
    59142122,
    60848147,
    60914701,
    62294244,
    62693756,
    66361473,
    67836365,
    68395666,
    69287415,
    69533138,
    70199448,
    71392110,
    73152566,
    74329075,
    76584782,
    79316842,
    81805479,
    83649948,
    83887412,
    84591785,
    85508661,
    86085815,
    89349537,
    90954259,
    93939723,
    95180442,
    96465782,
    98441684,
    99537342,
    99541165,
    100755214,
    101762853,
    102000513,
    104051007,
    104121987,
    107294548,
    109599972,
    110699956,
    111613711,
    116123222,
    118583597,
    122714043,
    122726142,
    124817349,
    132807828,
    135229909,
    136120410,
    137918058,
    138395371,
    138560677,
    138747915,
    141990347,
    143299637,
    143440709,
    144092511,
    145135826,
    145517187,
    145578406,
    149678817,
    150213702,
    152625967,
    153091171,
    153320961,
    153513493,
    156072464,
    161685521,
    164248493,
    169283284,
    181835014,
    182840419,
    183004502,
    184725045,
    185193856,
    185201307,
    189559990,
    193768447,
    194970894,
    196286069,
    197877483,
    199262629,
    201682032,
    206699360,
    207850074,
    210662835,
    217455765,
    217946710,
    219439394,
    221157552,
    225070140,
    230719684,
    232842716,
    233896025,
    234786128,
    235657241,
    240828392,
    246896936,
    247779965,
    255208319,
    256520818,
    260012742,
    260348186,
    281890260,
    282145411,
    289953109,
    292049639,
    308075271,
    316597678,
    317306950,
    319122031,
    326660806,
    329629866,
    336090819,
    340656062,
    343640868,
    349606670,
    350479265,
    351559492,
    356838511,
    363518669,
    371163417,
    386241912
  ],
  [
    17697802,
    22280078
  ],
  [
    50534,
    632825,
    855438,
    2907248,
    3082007,
    10198799,
    12309658,
    12482927,
    17212888,
    18227805,
    19478843,
    19614779,
    20805058,
    21796021,
    22798741,
    24711362,
    26300750,
    29806305,
    33511756,
    35985554,
    38411227,
    39569636,
    40249191,
    41882076,
    46091826,
    58236270,
    62056372,
    81801863,
    84866698,
    90182571,
    94847925,
    95668461,
    99384063,
    111620830,
    121318822,
    123966086,
    124982870,
    162061087,
    166855597,
    181245679,
    226660249,
    247066753,
    255814460,
    267758540,
    275308870
  ],
  [
    164396,
    7335085,
    9338907,
    12031190,
    13157109,
    19293844,
    21598757,
    24700737,
    26270340,
    29377758,
    30703792,
    37740679,
    37905768,
    38370809,
    39346217,
    39598242,
    42945539,
    48095816,
    49701320,
    53154273,
    57673982,
    61094183,
    63044162,
    70755418,
    77755637,
    91308608,
    98399871,
    99520314,
    100808457,
    112629896,
    122703641,
    138683524,
    145485683,
    156171273
  ],
  [
    50534,
    73986,
    411796,
    1223335,
    2706557,
    3065155,
    3644276,
    5212101,
    5338859,
    9360979,
    10250063,
    11745413,
    12482927,
    13753724,
    13891881,
    15730708,
    15966572,
    16372578,
    16701572,
    17709397,
    19478843,
    20805058,
    21137985,
    21903475,
    22662724,
    26872910,
    26923100,
    27026252,
    29149251,
    29484743,
    33995497,
    34598193,
    35092045,
    35725686,
    38080686,
    38927332,
    40255573,
    41882076,
    43029806,
    43113830,
    48912858,
    49577955,
    52041383,
    53157789,
    58886511,
    58909895,
    60679799,
    60896550,
    68779702,
    71140128,
    76700182,
    77338613,
    80409362,
    84866698,
    90410608,
    91308608,
    104453809,
    110013267,
    112153943,
    124979135,
    124982870,
    130128612,
    132861695,
    139441431,
    141528844,
    142338158,
    147547872,
    147602122,
    148014211,
    157084198,
    158629140,
    164761433,
    176087474,
    183741314,
    189701736,
    207108744,
    226660249,
    234168348,
    275308870,
    280633535,
    289854823,
    313721582,
    325543902,
    326716154
  ],
  [
    3510451,
    90449157,
    134571672,
    152259139
  ],
  [
    643980,
    986825,
    1094848,
    1278889,
    1281407,
    2283928,
    2338375,
    3069748,
    3246375,
    3370211,
    3581457,
    3763604,
    4575460,
    6652690,
    9103888,
    10784644,
    11364597,
    13365563,
    20037672,
    25871652,
    28070362,
    38488448,
    38589403,
    38857151,
    40479987,
    40545509,
    40616627,
    45847375,
    50062682,
    51405477,
    57603003,
    65481051,
    68409880,
    71243672,
    78225351,
    79705509,
    79786208,
    81283467,
    82451742,
    84867573,
    88326513,
    94365020,
    97209742,
    100930602,
    102673910,
    104024613,
    108421717,
    109143262,
    111078570,
    120979056,
    123721776,
    123760236,
    131587696,
    131820236,
    131863318,
    138298384,
    138862934,
    141856877,
    142247813,
    145194857,
    151821890,
    153557321,
    157548144,
    168531043,
    169397340,
    178758802,
    181517094,
    181837706,
    185784222,
    186322652,
    186550365,
    187127383,
    189045341,
    191675409,
    193400332,
    194696918,
    198485742,
    204416143,
    205126163,
    205241306,
    205329291,
    205567458,
    206205085,
    216290475,
    221105036,
    221156889,
    223645778,
    226737194,
    228414483,
    230707665,
    242511429,
    248657287,
    249572344,
    251996955,
    260006612,
    266589983,
    268441738,
    269849345,
    290795275,
    302414450,
    302780769,
    303369023,
    310878050,
    320906557,
    320907402,
    322747561,
    329468451,
    331490517,
    331676136,
    334400919,
    337859966,
    339718812,
    343106655,
    355105195,
    357115486,
    357784767,
    365735168,
    373823409,
    383456269,
    388931098,
    390524684,
    397164351,
    404494553
  ],
  [
    21638287,
    40213385
  ],
  [
    380780,
    10015740,
    19392243,
    31343253,
    72118377,
    75260251,
    84545956,
    113750197,
    132701796,
    133119626,
    153142919,
    158868253,
    161850897,
    166809727,
    198977074,
    217039164,
    226972036,
    228737922,
    233457391,
    235452647,
    240050689,
    247021443,
    253077432,
    266927951,
    272989053,
    278921606,
    285899622,
    286891745,
    302076639,
    304792811,
    316391039,
    320409358,
    322090647,
    339300282,
    339304725,
    351733771,
    377149890,
    400133547
  ],
  [
    351586,
    706557,
    738445,
    4684797,
    7114375,
    30767588,
    31036936,
    32522268,
    36577620,
    36646028,
    84389357,
    106162472,
    112275830,
    114015861,
    115448609,
    133320779,
    133404909,
    134138898,
    135359212,
    137851199,
    138157006,
    146363756,
    147950007,
    148002417,
    151859536,
    153675400,
    158540946,
    162462689,
    166729504,
    167306315,
    175355973,
    178124156,
    178691507,
    181788543,
    181832320,
    182982113,
    183507580,
    184936082,
    186014711,
    187459336,
    195310137,
    200573885,
    202850304,
    203217764,
    203985269,
    208830196,
    219960322,
    222104386,
    228740590,
    233804474,
    234734509,
    236068556,
    244058613,
    248232923,
    256732564,
    258134462,
    267024972,
    268117069,
    270179196,
    276348029,
    277840161,
    283552313,
    285154825,
    293557553,
    295930960,
    297964149,
    300490684,
    300657520,
    300989424,
    301305884,
    302961365,
    311099733,
    315749738,
    317976840,
    319946872,
    321832317,
    325156537,
    326106928,
    326207015,
    339695697,
    346322150,
    352104253,
    354294493,
    354377125,
    354934885,
    355318229,
    355572740,
    355842568,
    384040444,
    386584572,
    387502138
  ],
  [
    503512,
    3225408,
    4400261,
    4559872,
    4724487,
    6232032,
    7183127,
    7687325,
    13892818,
    50282176,
    66576030,
    85607329,
    95052051,
    101433974,
    104239674,
    107138483,
    114742871,
    115303226,
    116275757,
    131591636,
    134880596,
    137383246,
    145667503,
    148002417,
    148923725,
    164388300,
    171178647,
    172910768,
    182400149,
    184946253,
    185062400,
    189569287,
    197944944,
    197978422,
    198331924,
    199764314,
    200299051,
    200351214,
    205875400,
    206930895,
    210656029,
    212417791,
    216648585,
    217883371,
    226634267,
    227158231,
    233226064,
    234244220,
    238247073,
    238941309,
    240622743,
    242756698,
    245854374,
    250584858,
    252146650,
    259431923,
    270550309,
    280382047,
    292612116,
    300491653,
    303870677,
    305004297
  ],
  [
    1899831,
    3580561,
    18784902,
    28070362,
    28504746,
    36615863,
    37129425,
    38501234,
    45902057,
    51405477,
    73661223,
    86443820,
    95647782,
    111869686,
    113275207,
    140335417,
    141339547,
    143842198,
    150225370,
    154068266,
    158395542,
    158606922,
    160041005,
    168531043,
    174530880,
    179877952,
    190762309,
    205102243,
    206625038,
    212272220,
    223152790,
    224066011,
    226127060,
    229141164,
    236539349,
    240117301,
    245271613,
    247534335,
    247816553,
    251996955,
    257981881,
    267405929,
    280592502,
    283949401,
    294684350,
    323809673,
    324779365,
    352306777,
    362922114,
    374747748
  ],
  [
    411796,
    4746705,
    14073476,
    14362710,
    25275960,
    32704985,
    87547401,
    121195643,
    158868253,
    164782029,
    165230613,
    178633659,
    182328166,
    198977074,
    202495957,
    205121238,
    210400317,
    215502607,
    233457391,
    235452647,
    242010245,
    247021443,
    255647946,
    258850527,
    271562174,
    272989053,
    280312181,
    282519836,
    283343864,
    283407125,
    286121053,
    293514294,
    295878037,
    297461198,
    301683813,
    301865880,
    302076639,
    307058133,
    316391039,
    318735001,
    322748409,
    325507877,
    327737052,
    329931682,
    336247166,
    337751742,
    339300282,
    339304725,
    340143528,
    340740494,
    344481734,
    351733771,
    353013736,
    356355043,
    376890818,
    382189134,
    388646101,
    393601088
  ],
  [
    12482927,
    13891881,
    14825190,
    19478843,
    20764940,
    20805058,
    21903475,
    22702928,
    22798741,
    26923100,
    36718254,
    36931566,
    38080686,
    40255573,
    45175146,
    50461599,
    60909530,
    64541630,
    79075443,
    84866698,
    100077044,
    106810306,
    132861695,
    141528844,
    196263373,
    275308870,
    326716154,
    384983765
  ],
  [
    3644276,
    19423560,
    21638287,
    28072364,
    40213385,
    57333982,
    89327501,
    147486360,
    161104330
  ],
  [],
  [
    84470735,
    140666087,
    212658228,
    225637606,
    300772353,
    308908500,
    330713528,
    338212996,
    343613589,
    345657101,
    348834360,
    350265773,
    352896704,
    359137773,
    362611445
  ],
  [
    9265347,
    14170904,
    18206094,
    30025730,
    38699442,
    42278578,
    45847375,
    47096989,
    69057976,
    77407701,
    90615578,
    131709093,
    133285937,
    184559871,
    185884233,
    188130034,
    197499153,
    222650045,
    271030840,
    283160884,
    283310472,
    286836915,
    297725175,
    346197730,
    371057559
  ],
  [],
  [
    209925,
    270596,
    1233819,
    1487816,
    1993257,
    2316510,
    2544646,
    2672302,
    2723355,
    3296223,
    3596430,
    4420338,
    4946871,
    5548834,
    6612733,
    7033813,
    7851549,
    8081014,
    9373222,
    9680661,
    11155748,
    12247126,
    13186343,
    13972284,
    14683959,
    14739037,
    20077736,
    20514941,
    21093082,
    21796021,
    26195942,
    28545455,
    29087318,
    29458325,
    29691351,
    30287038,
    31670547,
    32427716,
    46052393,
    84972352,
    88052624,
    89264149,
    89645860,
    90610644,
    95554166,
    96259807,
    97222962,
    106688628,
    108478638,
    116816623,
    117744929,
    122179638,
    122340584,
    124963594,
    125625848,
    138510459,
    144090776,
    158252633,
    162908813,
    168414823,
    175273202,
    181320479,
    181400897,
    182340251,
    192073694,
    198410405,
    200770525,
    202182190,
    203938796,
    219093386,
    233702643,
    233704673,
    239312394,
    240448523,
    281415331,
    284308185,
    294381825,
    324898600,
    352406548,
    374035929,
    380061551
  ],
  [
    228794051,
    287234140
  ],
  [
    34846757,
    70971331,
    101425599,
    135612593,
    157169488,
    162866258,
    188807404,
    214395940,
    219443794,
    227882174,
    228729461,
    231271670,
    245108560
  ],
  [
    18053246,
    26066395,
    45029555,
    53920105,
    60567883,
    65703577,
    116367883
  ],
  [],
  [
    411796,
    2672302,
    3644276,
    7476280,
    23954735,
    24700737,
    29359948,
    68779702,
    92903286,
    142634218
  ],
  [
    3644276,
    17697802,
    18803812,
    19423560,
    30465061,
    31244279,
    50595837,
    53920105,
    61112976,
    67098446,
    70169514,
    76902133,
    77755637,
    85612388
  ],
  [
    892733,
    931677,
    1901292,
    3118329,
    4744620,
    5307882,
    7400676,
    7402342,
    13006158,
    13157109,
    22432396,
    26350383,
    29377758,
    37033110,
    37129425,
    39346217,
    42945539,
    49701320,
    53154273,
    53666185,
    55430893,
    56312088,
    57789628,
    59976608,
    60954409,
    63044162,
    65481051,
    67771035,
    70755418,
    77755637,
    78836865,
    80748086,
    88326513,
    93986207,
    95647782,
    99520314,
    100808457,
    103968231,
    109109223,
    111058377,
    123630696,
    145305861,
    147855393,
    150819336,
    156171273,
    163207637,
    164761433,
    168785887,
    171007451,
    172165932,
    177243774,
    179254701,
    182483044,
    201354653,
    227149889,
    248792156,
    253213048,
    259250955,
    323946206,
    337209708,
    387239771
  ],
  [
    10478864,
    14122914,
    19041218,
    21727420,
    28203424,
    58276151,
    73360168,
    77312710,
    91121315,
    99612095,
    102453432,
    115457121,
    132331844,
    136474825,
    141185929,
    141543803,
    145498807,
    154667291,
    157455116,
    157749326,
    161842586,
    175475335,
    220679582,
    222035568,
    267704969,
    275152760,
    316581823,
    323890101,
    326263470
  ],
  [
    13365563,
    71986170,
    81283467,
    100930602,
    178758802,
    216290475,
    268513095,
    274964098,
    280597859,
    290795275,
    302344378,
    334400919,
    335936389,
    337859966
  ],
  [
    48095816,
    109109223,
    152040786
  ],
  [],
  [
    55063326
  ],
  [
    996825,
    31244279,
    48145145,
    49133896,
    49872645,
    50337961,
    54135044,
    54402244,
    55713055,
    73283458,
    78378205,
    85612388,
    86867402,
    86867909
  ]
]