[
  [
    824,
    1097,
    2743,
    2835,
    3693,
    4301,
    5722,
    6132,
    6138,
    6413,
    6796,
    7275,
    8952,
    9417,
    9668,
    9733,
    10023,
    10894,
    12404,
    12542,
    13239,
    14172,
    15293,
    15337,
    15906,
    18154,
    18167,
    20008,
    20031,
    20256,
    22101,
    23125,
    24080,
    24327,
    24433,
    25119,
    25197,
    26253,
    27723,
    28591,
    29235,
    31616,
    34687,
    35097,
    35646,
    36502,
    36908,
    36996,
    39737,
    40045,
    40925,
    42977,
    43100,
    43292,
    43707,
    43820,
    44564,
    47904,
    49948,
    51381,
    52590,
    53473,
    53771,
    55191,
    55611,
    63532,
    65783,
    66741,
    66753,
    68068,
    70178,
    70812,
    72828,
    72832,
    74182,
    74254,
    74899,
    76333,
    78574,
    79567,
    80414,
    81458,
    82450,
    86094,
    89133,
    89308,
    90243,
    91626,
    92302,
    92528,
    92649,
    93046,
    93248,
    95968,
    96490,
    97225,
    99668,
    99884,
    100492,
    100964,
    103302,
    103349,
    105030,
    106954,
    107182,
    108785,
    109255,
    109449,
    110039,
    110943,
    111545,
    111734,
    113566,
    113788,
    114093,
    115605,
    116031,
    116712,
    117317,
    118362,
    118537,
    120793,
    124856,
    125326,
    126102,
    126845,
    127604,
    128279,
    129298,
    129785,
    136501,
    137095,
    141045,
    142816,
    143986,
    144356,
    144921,
    144960,
    145205,
    146395,
    150147,
    152317,
    152465,
    152824,
    154419,
    155411,
    155972,
    156451,
    161715,
    162133,
    163010,
    163376,
    167288,
    167569,
    169518,
    171404,
    173391,
    173799,
    173850,
    175801,
    177173,
    177301,
    177571,
    177826,
    178663,
    178689,
    183134,
    184152,
    185530,
    187141,
    188051,
    193036,
    193170,
    193506,
    196536,
    198853,
    199883,
    200632,
    201042,
    202377,
    202761,
    207163,
    208110,
    208499,
    213722,
    213729,
    214185,
    214709,
    215263,
    216692,
    216984,
    217278,
    218028,
    221158,
    222046,
    222944,
    223433,
    224607,
    227383,
    229735,
    230344,
    232063,
    233292,
    235792,
    235821,
    236025,
    243973,
    245644,
    246997,
    247072,
    247677,
    249131,
    250522,
    253890,
    256176,
    256991,
    260322,
    262823,
    266562,
    267319,
    268876,
    270611,
    270745,
    271592,
    272827,
    273696,
    274049,
    274053,
    274930,
    278046,
    278095,
    282456,
    282542,
    286963,
    287101,
    290222,
    300112,
    301522,
    305097,
    308165,
    308759,
    309713,
    310147,
    311138,
    311492,
    313976,
    314933,
    315007,
    315690,
    318711,
    320272,
    321465,
    322736,
    323685,
    324711,
    325445,
    326437,
    334297,
    337430,
    337753,
    338239,
    338516,
    340810,
    345991,
    352120,
    355279,
    356609,
    357013,
    359813,
    360916,
    361185,
    363094,
    363932,
    363967,
    366533,
    367992,
    369304,
    375660,
    376089,
    380483,
    380564,
    380681,
    382535,
    383893,
    384454,
    386848,
    387603,
    390161,
    390245,
    390450,
    393658,
    394332,
    396218,
    399231,
    400275,
    402254,
    402398,
    405009,
    406239,
    407262,
    407785,
    408132,
    410461,
    414845,
    415552,
    417218,
    417393,
    418390,
    418951,
    423318,
    428957,
    429119,
    429309,
    430967,
    431159,
    431871,
    435609,
    437714,
    439932,
    442148,
    442983,
    452129,
    453776,
    454438,
    455065,
    455397,
    459157,
    460853,
    466547,
    467156,
    468094,
    469228,
    471362,
    474065,
    480300,
    480940,
    495285,
    498759,
    500378,
    503161,
    508269,
    508576,
    508939,
    511956,
    514517,
    516336,
    516946,
    516967,
    518785,
    522004,
    522039,
    525348,
    526807,
    533508,
    533555,
    535654,
    538179,
    542990,
    545859,
    546077,
    547826,
    550061,
    550225,
    551954,
    554923,
    556950,
    558767,
    558864,
    560447,
    561201,
    563801,
    566124,
    566632,
    570792,
    570959,
    574923,
    578717,
    579786,
    581072,
    582117,
    582229,
    582395,
    583235,
    589674,
    590334,
    592133,
    593501,
    593673,
    602774,
    611256,
    615208,
    618974,
    619193,
    619389,
    619503,
    629612,
    630390,
    630538,
    638055,
    638492,
    644079,
    644134,
    646403,
    653398,
    662205,
    662274,
    663711,
    664474,
    666751,
    667885,
    668301,
    671016,
    672096,
    673847,
    677308,
    678055,
    679136,
    685494,
    695528,
    695547,
    697524,
    700380,
    714069,
    714958,
    727524,
    729122,
    729902,
    734081,
    734652,
    739484,
    741049,
    741927,
    743261,
    744020,
    744163,
    744770,
    748887,
    750743,
    752344,
    752990,
    753503,
    754872,
    757346,
    763838,
    766055,
    766115,
    767530,
    770629,
    771063,
    775642,
    776385,
    778584,
    779597,
    781532,
    786557,
    787673,
    796795,
    797584,
    813911,
    820085,
    820116,
    826939,
    834578,
    836649,
    840775,
    841555,
    842471,
    845202,
    855384,
    863052,
    868351,
    870839,
    874198,
    875998,
    881972,
    882071,
    885372,
    888888,
    891498,
    891805,
    895583,
    898593,
    898707,
    901268,
    906909,
    908422,
    908963,
    910272,
    912900,
    915055,
    916902,
    917369,
    919574,
    935993,
    938263,
    941040,
    947562,
    948215,
    953347,
    957717,
    958970,
    959155,
    959769,
    961086,
    962625,
    977753,
    978561,
    987162,
    990527,
    992798,
    994261,
    996433,
    998581,
    1004504,
    1005917,
    1006404,
    1028151,
    1029724,
    1031775,
    1036716,
    1039717,
    1043405,
    1043772,
    1043983,
    1048119,
    1050070,
    1051651,
    1056640,
    1069209,
    1071202,
    1075772,
    1076509,
    1084915,
    1085491,
    1087274,
    1094017,
    1104097,
    1106731,
    1109468,
    1110347,
    1116479,
    1117233,
    1125921,
    1130985,
    1135829,
    1135870,
    1137668,
    1141981,
    1142170,
    1142915,
    1146889,
    1147032,
    1148592,
    1149219,
    1150393,
    1155912,
    1159460,
    1160878,
    1161740,
    1165504,
    1170833,
    1171911,
    1177647,
    1180175,
    1182953,
    1193336,
    1193981,
    1200543,
    1204067,
    1204634,
    1208072,
    1210017,
    1211126,
    1217371,
    1220050,
    1236584,
    1236977,
    1240987,
    1242826,
    1245542,
    1257690,
    1258215,
    1268529,
    1271989,
    1272290,
    1272752,
    1273937,
    1274096,
    1274343,
    1281858,
    1283300,
    1291262,
    1291619,
    1291906,
    1293720,
    1297075,
    1300784,
    1303298,
    1306022,
    1307213,
    1308165,
    1308242,
    1310338,
    1314767,
    1315112,
    1316345,
    1320644,
    1321820,
    1321861,
    1324527,
    1334498,
    1340518,
    1343233,
    1352153,
    1353707,
    1364002,
    1375421,
    1380326,
    1382269,
    1383965,
    1400935,
    1401022,
    1405281,
    1406250,
    1409551,
    1410231,
    1413874,
    1415341,
    1415374,
    1418324,
    1425769,
    1432262,
    1435032,
    1451250,
    1452776,
    1476997,
    1482581,
    1484934,
    1487992,
    1488530,
    1488588,
    1489795,
    1491180,
    1498855,
    1499897,
    1510345,
    1522825,
    1526407,
    1526663,
    1535407,
    1540295,
    1540619,
    1551212,
    1551217,
    1552116,
    1571184,
    1576270,
    1578011,
    1580684,
    1584285,
    1586799,
    1590204,
    1592893,
    1597399,
    1598572,
    1599990,
    1623232,
    1629836,
    1635935,
    1636511,
    1641184,
    1657230,
    1657576,
    1664751,
    1666314,
    1666695,
    1676893,
    1685780,
    1688056,
    1688544,
    1691904,
    1692178,
    1697032,
    1700525,
    1705394,
    1711371,
    1718093,
    1728483,
    1732646,
    1747883,
    1755246,
    1766402,
    1768152,
    1768336,
    1768734,
    1773695,
    1792300,
    1809688,
    1810508,
    1813154,
    1819402,
    1823309,
    1828336,
    1840403,
    1845788,
    1853387,
    1855587,
    1859948,
    1878005,
    1884223,
    1887221,
    1889105,
    1893767,
    1902055,
    1909103,
    1917070,
    1923250,
    1930975,
    1930988,
    1937536,
    1945330,
    1947555,
    1953682,
    1958111,
    1965080,
    1980271,
    1983185,
    1992904,
    1997749,
    2004807,
    2018307,
    2035002,
    2035845,
    2035955,
    2036700,
    2040121,
    2043427,
    2048603,
    2053130,
    2056867,
    2056886,
    2057338,
    2062316,
    2062921,
    2064260,
    2074350,
    2078263,
    2088370,
    2089855,
    2095478,
    2098563,
    2102676,
    2111321,
    2116534,
    2135382,
    2135440,
    2145648,
    2154505,
    2158336,
    2160289,
    2175392,
    2188742,
    2219125,
    2225475,
    2236070,
    2246009,
    2248557,
    2249038,
    2262998,
    2269464,
    2276527,
    2287406,
    2344453,
    2356489,
    2365617,
    2370833,
    2371578,
    2380542,
    2395641,
    2395802,
    2396953,
    2409173,
    2411669,
    2424331,
    2425105,
    2428030,
    2461707,
    2463266,
    2480061,
    2480093,
    2481383,
    2493063,
    2493178,
    2507851,
    2515486,
    2517035,
    2518207,
    2529639,
    2546984,
    2548191,
    2560080,
    2565708,
    2573090,
    2582117,
    2589301,
    2592806,
    2602363,
    2607677,
    2611934,
    2615111,
    2619304,
    2636977,
    2638993,
    2649406,
    2656138,
    2659060,
    2659143,
    2665195,
    2668927,
    2669873,
    2671357,
    2689005,
    2693379,
    2705226,
    2729306,
    2739527,
    2746089,
    2747191,
    2749562,
    2777614,
    2780362,
    2803868,
    2810216,
    2821553,
    2821610,
    2847464,
    2861484,
    2864786,
    2865027,
    2869630,
    2877463,
    2883864,
    2883931,
    2887097,
    2890430,
    2896886,
    2921018,
    2929484,
    2939624,
    2956297,
    2958770,
    2977927,
    3008994,
    3014320,
    3021979,
    3041922,
    3053208,
    3062407,
    3062878,
    3069117,
    3076861,
    3087846,
    3103782,
    3117171,
    3119798,
    3122317,
    3123148,
    3208467,
    3211304,
    3214242,
    3231083,
    3232487,
    3234031,
    3235237,
    3238898,
    3241468,
    3248846,
    3260257,
    3268444,
    3276246,
    3307869,
    3311063,
    3321714,
    3344898,
    3355797,
    3356098,
    3373018,
    3393152,
    3394295,
    3402525,
    3407577,
    3411808,
    3413618,
    3414361,
    3421569,
    3422693,
    3446541,
    3452713,
    3455950,
    3471582,
    3481844,
    3492890,
    3511706,
    3530529,
    3543208,
    3544452,
    3545898,
    3547566,
    3566862,
    3572841,
    3594247,
    3600484,
    3603267,
    3618036,
    3634346,
    3675951,
    3697997,
    3730691,
    3750109,
    3751810,
    3766595,
    3791025,
    3800302,
    3808049,
    3822012,
    3823180,
    3829324,
    3847629,
    3871118,
    3889206,
    3896188,
    3924106,
    3932608,
    3968517,
    3977470,
    4024932,
    4041089,
    4056778,
    4061518,
    4084053,
    4092388,
    4094076,
    4107200,
    4122730,
    4125770,
    4138486,
    4143991,
    4187397,
    4202525,
    4209262,
    4211689,
    4217073,
    4221669,
    4256901,
    4259616,
    4260966,
    4293804,
    4313809,
    4316091,
    4341363,
    4395054,
    4407630,
    4411600,
    4429623,
    4467277,
    4477100,
    4493565,
    4540507,
    4551424,
    4566324,
    4584680,
    4610334,
    4623021,
    4638512,
    4645053,
    4669683,
    4672695,
    4734467,
    4751305,
    4759190,
    4767609,
    4771657,
    4774091,
    4780195,
    4796096,
    4817719,
    4829460,
    4861832,
    4890050,
    4898229,
    4911824,
    4942053,
    5032478,
    5035820,
    5064090,
    5066729,
    5075296,
    5122065,
    5141445,
    5149144,
    5184100,
    5203629,
    5208000,
    5210893,
    5224945,
    5275568,
    5276365,
    5280813,
    5291647,
    5292504,
    5306247,
    5312291,
    5314054,
    5333049,
    5360346,
    5366955,
    5392623,
    5423506,
    5513737,
    5523601,
    5528137,
    5539043,
    5541125,
    5552009,
    5597384,
    5601079,
    5610231,
    5645558,
    5645972,
    5672635,
    5675919,
    5677448,
    5695181,
    5718454,
    5726168,
    5778567,
    5810031,
    5817122,
    5821882,
    5851346,
    5875316,
    5904266,
    6032183,
    6032908,
    6076526,
    6108295,
    6149113,
    6176993,
    6192790,
    6205720,
    6259835,
    6380672,
    6384326,
    6450887,
    6498020,
    6540226,
    6604024,
    6674283,
    6691068,
    6921264,
    6922727,
    6934153,
    6963559,
    7026089,
    7028918,
    7071308,
    7073819,
    7149083,
    7185760,
    7190342,
    7202929,
    7218935,
    7228955,
    7239106,
    7262768,
    7282633,
    7285541,
    7376786,
    7401791,
    7411757,
    7417871,
    7445916,
    7472976,
    7476843,
    7495279,
    7510824,
    7521554,
    7549267,
    7552373,
    7565243,
    7567145,
    7590247,
    7657069,
    7672433,
    7696804,
    7712653,
    7746845,
    7760596,
    7816011,
    7872375,
    7909169,
    7935266,
    7973851,
    8020241,
    8030964,
    8044482,
    8071367,
    8193279,
    8196078,
    8205716,
    8233306,
    8256590,
    8298830,
    8323117,
    8417133,
    8425292,
    8431655,
    8604331,
    8667566,
    8668380,
    8733404,
    8844214,
    8856996,
    8860011,
    8862253,
    8979504,
    8995416,
    9003144,
    9017515,
    9032797,
    9065683,
    9066620,
    9111713,
    9193657,
    9240672,
    9265904,
    9296802,
    9343563,
    9351328,
    9529602,
    9587795,
    9600630,
    9615565,
    9624718,
    9653753,
    9711832,
    9752681,
    9763153,
    9784083,
    9837924,
    9935839,
    10060603,
    10154505,
    10193366,
    10259460,
    10385544,
    10432930,
    10449114,
    10514153,
    10678088,
    10844890,
    10855063,
    10952900,
    10965463,
    11001473,
    11057516,
    11109549,
    11183000,
    11291085,
    11372226,
    11385452,
    11485978,
    11494359,
    11527288,
    11560794,
    11561598,
    11564430,
    11584153,
    11607033,
    11660928,
    11782864,
    11795817,
    11843047,
    11886460,
    11996155,
    12018356,
    12055889,
    12103564,
    12160415,
    12266659,
    12293407,
    12303870,
    12464258,
    12470502,
    12495038,
    12515806,
    12684339,
    12697056,
    12774219,
    12800288,
    12809226,
    12823628,
    12913580,
    12935899,
    13093381,
    13109267,
    13252495,
    13300971,
    13473725,
    13489106,
    13491350,
    13506554,
    13677862,
    13726014,
    13818320,
    13878997,
    13931937,
    14031258,
    14040507,
    14154919,
    14155136,
    14168602,
    14280199,
    14295378,
    14312014,
    14314097,
    14361453,
    14497724,
    14690025,
    14755571,
    14870380,
    15035893,
    15082284,
    15369266,
    15377227,
    15415926,
    15577115,
    15624833,
    15694927,
    15778480,
    15814657,
    15861992,
    15944127,
    16039250,
    16039453,
    16315168,
    16338334,
    16351211,
    16442954,
    16456594,
    16457255,
    16500654,
    16827561,
    16845224,
    17050283,
    17240104,
    17544406,
    17561907,
    17604186,
    17666432,
    17708169,
    17770327,
    17854191,
    17908597,
    18148814,
    18210075,
    18631635,
    18644258,
    18867423,
    18888545,
    18888615,
    18891306,
    19030619,
    19062847,
    19090267,
    19281769,
    19317158,
    19392952,
    19488679,
    19515015,
    19646062,
    19668497,
    19785794,
    20018555,
    20077067,
    20113287,
    20165866,
    20270950,
    20445648,
    20488286,
    20504765,
    20735277,
    20743254,
    20774218,
    20788017,
    20812697,
    21001008,
    21057209,
    21118505,
    21286046,
    21413571,
    21414377,
    21446507,
    21478602,
    21501581,
    21659504,
    21776143,
    21828342,
    21905054,
    22001373,
    22054353,
    22063348,
    22100061,
    22191195,
    22255744,
    22495599,
    22698763,
    22795641,
    22822747,
    23227804,
    23372884,
    23520468,
    23548415,
    23651135,
    23776735,
    23912712,
    24225727,
    24274344,
    24332509,
    24517293,
    24524596,
    25079174,
    25197320,
    25285323,
    25406413,
    25496715,
    25559071,
    25759682,
    26239505,
    26366088,
    26380565,
    26487739,
    26571490,
    26948711,
    27087056,
    27280557,
    27313706,
    27326198,
    27481923,
    27710268,
    27717268,
    28032628,
    28117736,
    29159218,
    29285113,
    29315386,
    29654126,
    29782382,
    29861632,
    30362826,
    30390902,
    30443967,
    30816630,
    31071692,
    31347064,
    31432547,
    31525929,
    31785562,
    31949481,
    32023012,
    32028661,
    32103686,
    32335085,
    32349233,
    32352983,
    32388629,
    32453273,
    32603047,
    32641916,
    32732303,
    33338382,
    33485736,
    33732753,
    34164317,
    34333130,
    34691934,
    34968230,
    35087088,
    35469972,
    36716377,
    36760628,
    37083782,
    37294681,
    37353506,
    37413312,
    37447606,
    37701032,
    37885305,
    38238511,
    38271132,
    38459314,
    38760561,
    38771751,
    38986727,
    39527447,
    39742234,
    39801062,
    40691285,
    40789805,
    40874427,
    41001066,
    41161237,
    41207594,
    41247996,
    41390187,
    41515000,
    41743155,
    41751992,
    41770458,
    42043557,
    42390121,
    42825007,
    43125720,
    43298035,
    43795691,
    43823585,
    43921146,
    44941885,
    45384552,
    46047658,
    46638702,
    46671699,
    47393795,
    47524253,
    48100125,
    49424070,
    49731577,
    50275428,
    50585685,
    50595332,
    50671158,
    50779715,
    51764086,
    51772212,
    51878959,
    51881507,
    52022857,
    52874957,
    53792747,
    53859398,
    55502414,
    55505470,
    55685234,
    56205721,
    56612753,
    57185684,
    57254822,
    57264632,
    58282343,
    58321770,
    58995766,
    59505480,
    59839706,
    60158704,
    62461823,
    62658482,
    63122410,
    63200719,
    63287164,
    63405787,
    63502231,
    63807020,
    64231501,
    64644873,
    64875038,
    65042227,
    65736444,
    66530805,
    67676498,
    68532617,
    71385320,
    71749141,
    72379696,
    72752885,
    73275888,
    73293366,
    74028928,
    74256334,
    74563146,
    75547495,
    75817265,
    76259691,
    77095185,
    77251689,
    77497076,
    77538271,
    79059828,
    79157927,
    81217431,
    81302078,
    81344132,
    81977537,
    82072872,
    82120920,
    82624109,
    82652376,
    82902865,
    83170447,
    83358288,
    83617627,
    83642235,
    83791790,
    84275234,
    84619582,
    84623703,
    84628545,
    84677411,
    85554141,
    85565359,
    85704369,
    85950269,
    87068380,
    87210508,
    87229091,
    87810272,
    87911576,
    88696973,
    88902380,
    89181612,
    89416831,
    89771454,
    89796637,
    89916449,
    91595427,
    92349635,
    92603313,
    94163154,
    94378871,
    95373312,
    96041097,
    96079576,
    96262620,
    96651762,
    96652725,
    97018578,
    98370846,
    98828348,
    99775139,
    100221104,
    100679014,
    100814625,
    103161611,
    103302374,
    103474300,
    103567924,
    104017884,
    106840751,
    107430604,
    108633363,
    108804920,
    109909454,
    111439646,
    114445905,
    115111919,
    115732813,
    116239556,
    118034943,
    121145172,
    121834777,
    124616355,
    124808323,
    124820804,
    125003014,
    125733089,
    125922738,
    126604235,
    131735035,
    132275218,
    132315936,
    132413848,
    132719829,
    133570510,
    133641026,
    134520587,
    134548246,
    135046257,
    135087202,
    135299953,
    135405000,
    135444387,
    135483884,
    136781833,
    137453342,
    137456234,
    137753280,
    137895130,
    138382210,
    138900577,
    138971849,
    139232890,
    141013716,
    141596086,
    141873395,
    142615737,
    144239182,
    144454106,
    144456111,
    145213682,
    145678766,
    145738209,
    146302134,
    147577178,
    148080085,
    148382187,
    150778374,
    150846960,
    151070538,
    151334389,
    151615667,
    151768915,
    152348632,
    152497350,
    153109199,
    153425982,
    154471081,
    156661230,
    157205762,
    157597561,
    157600951,
    158188665,
    158972171,
    162387413,
    162669327,
    162895346,
    163001329,
    164054536,
    164784883,
    165432774,
    165670207,
    165833722,
    166488312,
    166951281,
    167023371,
    168282008,
    168361666,
    168693471,
    169053372,
    169074532,
    169618955,
    169921986,
    170696861,
    171490521,
    171758363,
    172232685,
    172239955,
    172299565,
    172825417,
    173529480,
    174072848,
    174653195,
    174836087,
    175454538,
    176969217,
    177249959,
    178872754,
    179889554,
    180356445,
    181130475,
    182077104,
    182918393,
    183418580,
    184051371,
    184230895,
    186021108,
    187904419,
    188934569,
    191159263,
    191362900,
    192064206,
    192216583,
    196379173,
    198070835,
    198133153,
    200193097,
    200325121,
    200788089,
    201189851,
    201247092,
    202549867,
    204048174,
    204468147,
    206837111,
    207035419,
    207695525,
    208535404,
    209325810,
    211794507,
    212460990,
    213793722,
    214038116,
    214275078,
    215205586,
    216386000,
    216626525,
    216794917,
    217206759,
    217634015,
    218191180,
    219115543,
    222193215,
    223586755,
    224915582,
    225098076,
    225975741,
    226778432,
    227573154,
    228421383,
    231030154,
    231249294,
    231613029,
    232022378,
    232320984,
    232607745,
    233283768,
    233386484,
    237647034,
    238414491,
    239782495,
    241166633,
    241365904,
    242673607,
    243305555,
    243343358,
    245579935,
    246639231,
    247125621,
    247823562,
    248752345,
    249357132,
    252628136,
    252888442,
    253685492,
    254380673,
    258963473,
    259356837,
    259514002,
    259834510,
    260903303,
    261064319,
    263661720,
    266058950,
    271161629,
    271617352,
    271832028,
    272347636,
    272369412,
    272478332,
    274444535,
    275147202,
    276848820,
    278021390,
    279401156,
    279884671,
    280213183,
    280756095,
    281891805,
    282472164,
    283344803,
    286161227,
    288321619,
    290367285,
    290754921,
    293327164,
    293370975,
    297996407,
    303690747,
    303958009,
    305044637,
    309530973,
    310595190,
    317409769,
    322298436,
    324668925,
    326202837,
    326265156,
    345645757,
    345674858,
    346395076,
    346414780,
    348406708,
    357742847,
    359483647,
    360721850,
    377598992,
    380204856,
    386889861,
    396837451
  ],
  [
    1106228,
    2422857,
    3643420,
    5357926,
    6162167,
    9426642,
    11891718,
    13323840,
    14867716,
    15789869,
    18413356,
    20447249,
    22828333,
    23922714,
    30803310,
    38159003,
    43640377,
    43643523,
    44401095,
    64607149,
    65748242,
    67484239,
    77922252,
    78736103,
    84633669,
    88295454,
    89324368,
    96779276,
    96888466,
    100761389,
    107318620,
    109850682,
    115185492,
    117001364,
    126506893,
    126978272,
    127701237,
    127783184,
    136291052,
    138461296,
    139960571,
    146389175,
    146546106,
    148339010,
    152273770,
    153336859,
    156316262,
    171144368,
    172377436,
    176826234,
    183777318,
    184675176,
    188377314,
    191818681,
    205540554,
    209034514,
    209065686,
    215223921,
    218409708,
    222664330,
    225745756,
    227115501,
    228527745,
    254537186,
    263959239,
    264850316,
    265911886,
    269850774,
    271679673,
    278599903,
    285941354,
    286850132,
    298877289,
    303229210,
    308931076,
    325895708,
    329126834,
    334709770,
    335990659,
    351942472,
    353854948,
    375348259,
    404913087
  ],
  [
    42253,
    53349,
    96689,
    165579,
    177367,
    289771,
    325290,
    344285,
    372909,
    386061,
    472823,
    489165,
    497455,
    526582,
    545166,
    609227,
    826012,
    1168205,
    1441686,
    1520054,
    1545214,
    1586799,
    1684695,
    1844523,
    1998568,
    2142029,
    2151163,
    2453941,
    2482163,
    2919571,
    3016896,
    3172631,
    3294285,
    3307719,
    3695881,
    3809042,
    3999126,
    4136685,
    4160664,
    4330198,
    4484756,
    4501463,
    4666355,
    4829366,
    5207661,
    5523073,
    5601131,
    5678118,
    5765676,
    6223730,
    6583654,
    6803840,
    6955838,
    7100890,
    7925779,
    7973471,
    8052213,
    8091526,
    8596959,
    8597679,
    8996507,
    9308631,
    9344803,
    9434442,
    9759146,
    9880825,
    10085677,
    10294538,
    10308738,
    10502180,
    10965152,
    11094344,
    11884086,
    12212032,
    12931688,
    13079962,
    13133374,
    13276962,
    13825447,
    14186640,
    15286882,
    16332045,
    16822841,
    17100822,
    17422038,
    18494149,
    18781406,
    19339620,
    19935436,
    20062703,
    20432487,
    20595639,
    21206338,
    21508747,
    22110591,
    22150175,
    23134038,
    23636384,
    24430698,
    24518708,
    24978610,
    26138946,
    26623212,
    27326299,
    27332242,
    27687185,
    28147405,
    28615004,
    28968226,
    28974665,
    29277574,
    29842538,
    30073305,
    30459815,
    31606579,
    31878899,
    31884001,
    32389079,
    32632075,
    33446184,
    33621311,
    34195700,
    34887752,
    35297511,
    35542148,
    35567527,
    35663183,
    35956702,
    36350499,
    37383432,
    37612122,
    38317848,
    38522632,
    38831252,
    39045812,
    39449719,
    41143159,
    41433907,
    41511360,
    42807589,
    43034442,
    43676707,
    46704411,
    47788077,
    48808932,
    50911563,
    50913907,
    51750583,
    51946506,
    53313171,
    53314964,
    54491887,
    55830927,
    56595806,
    57052261,
    58332555,
    59501497,
    59706668,
    60697558,
    60844545,
    60910783,
    60971885,
    63299421,
    63665179,
    68312473,
    70425574,
    71626638,
    72390075,
    74778407,
    77386329,
    84237408,
    84291713,
    87864793,
    88316311,
    89308840,
    90096874,
    90318071,
    94326700,
    96477458,
    97790562,
    98565573,
    98827015,
    99490331,
    100601891,
    102465879,
    104352051,
    104658019,
    105432540,
    108775280,
    112406966,
    113370218,
    114083503,
    115796404,
    116024647,
    122228922,
    123049736,
    124667948,
    128448863,
    133462608,
    133747857,
    134751851,
    135077299,
    136033011,
    136647840,
    137023294,
    137801920,
    137887112,
    137936489,
    138132123,
    138137154,
    139555152,
    139576430,
    141077629,
    142109547,
    142257450,
    143629128,
    144937202,
    145556364,
    146441596,
    150838151,
    151070286,
    151410323,
    153835802,
    153876076,
    155433252,
    156386350,
    156764383,
    157089926,
    157248924,
    159402171,
    160483997,
    162307877,
    164187985,
    165726787,
    165874809,
    166936016,
    167838296,
    170518395,
    175599157,
    175746131,
    178657391,
    178938058,
    179137001,
    183014111,
    183117389,
    186732506,
    188124782,
    189573962,
    193075436,
    199239847,
    199393051,
    199633244,
    203103184,
    203868352,
    204551966,
    205066094,
    206947606,
    206966481,
    207659079,
    209711782,
    210946926,
    212652075,
    218858288,
    219941794,
    222275212,
    224967557,
    224980854,
    228313704,
    228848460,
    229773909,
    232361877,
    236223314,
    237615172,
    246535648,
    247334839,
    255736862,
    256457121,
    263132307,
    268106485,
    276729229,
    282127381,
    301288889,
    301972854,
    304624220,
    307507919,
    308410395,
    315595917,
    316381524,
    319173120,
    319983090,
    326722703,
    327505396,
    327693686,
    329284380,
    335492111,
    336973498,
    339022355,
    341276502,
    342157665,
    351438563,
    353763535,
    357055617,
    365398025,
    365517706,
    369517003,
    371069203,
    388284135,
    388773536,
    403658641
  ],
  [
    210821,
    264206,
    324255,
    452374,
    501156,
    593880,
    667286,
    1545214,
    1671564,
    2295187,
    2409736,
    2505271,
    2541866,
    2542300,
    2551965,
    2832551,
    3332334,
    3344119,
    3426341,
    3539681,
    3999126,
    4160664,
    4172937,
    4348061,
    4484756,
    4875642,
    4913649,
    4954234,
    5020409,
    5062537,
    5103174,
    5207661,
    7038539,
    7170120,
    9484014,
    9634138,
    9880825,
    10484115,
    12292340,
    12557884,
    13677059,
    14233431,
    16332045,
    17478407,
    17633261,
    18300491,
    20218311,
    20579756,
    20952079,
    21019103,
    21019930,
    21206338,
    21387256,
    23106966,
    25562631,
    25703482,
    25848653,
    26208198,
    26261028,
    27331678,
    29559244,
    30192592,
    31141303,
    31799407,
    32363734,
    33006101,
    33146367,
    33552223,
    34403713,
    34513359,
    34822844,
    36914797,
    40884914,
    41374743,
    42631047,
    43052990,
    44158683,
    45662636,
    45926845,
    47394243,
    50422714,
    52860666,
    53799654,
    60949114,
    61149213,
    61261972,
    63101404,
    64117057,
    66181659,
    69667153,
    81239725,
    88040479,
    88510091,
    91234383,
    97732309,
    97962483,
    101103678,
    102662967,
    102853443,
    105244373,
    108449447,
    108478878,
    110812921,
    113772186,
    115796404,
    120695530,
    131552381,
    133769219,
    136181025,
    143936693,
    155447666,
    158571546,
    159280020,
    164099353,
    165874809,
    167181979,
    170842972,
    171970464,
    174110054,
    174531908,
    178938058,
    181033100,
    182913639,
    186314069,
    187816151,
    204536619,
    209931354,
    210537140,
    212529726,
    213923433,
    216476161,
    218586442,
    223532922,
    227223252,
    229453302,
    233401565,
    234785254,
    235862663,
    243912905,
    244534315,
    291784118,
    298916440,
    307111072,
    307460135,
    310289566,
    315781476,
    340793001,
    353763535
  ],
  [
    6782,
    26784,
    240686,
    295317,
    426514,
    443121,
    503903,
    537527,
    660450,
    725008,
    835083,
    835121,
    978880,
    1046278,
    1690282,
    1856321,
    2290810,
    2328916,
    2697781,
    2865368,
    3306720,
    3773023,
    4444894,
    4724779,
    4730627,
    4944807,
    5020337,
    5207661,
    5350485,
    6038158,
    6262603,
    7170120,
    7173169,
    7718702,
    8369336,
    8371686,
    8538208,
    8585531,
    9110382,
    9118376,
    9336956,
    9919029,
    10281919,
    10439742,
    10484115,
    11998990,
    12005866,
    12103472,
    12282878,
    12353578,
    12591815,
    12761488,
    13411274,
    13468959,
    15563749,
    16946370,
    17189451,
    17349553,
    17367493,
    17478407,
    17614616,
    17811656,
    17884145,
    18009906,
    18012357,
    18172373,
    18247186,
    18300274,
    18797690,
    19471099,
    20327849,
    20456738,
    20489993,
    20826876,
    20901472,
    22025458,
    22150175,
    22250377,
    25164657,
    26138946,
    27400690,
    28444746,
    28595619,
    29724429,
    30192321,
    31141303,
    31394893,
    33505391,
    37652215,
    38095809,
    38315862,
    39920002,
    39957796,
    40749446,
    40884914,
    42298148,
    42835479,
    43662003,
    44739177,
    44912547,
    45407176,
    46355826,
    48557164,
    50936372,
    52660765,
    52666990,
    53633286,
    57737493,
    58202519,
    59649262,
    59688903,
    61742736,
    65343269,
    65745485,
    66222891,
    66303287,
    67021089,
    70700968,
    72021277,
    72237001,
    73986395,
    78075364,
    81525278,
    84059371,
    84221019,
    88197922,
    89896737,
    93855234,
    94655439,
    95633212,
    96186812,
    97373982,
    97672520,
    99855368,
    101103678,
    101438755,
    102853443,
    106678755,
    108478878,
    109370700,
    113523966,
    113934430,
    114524364,
    116851249,
    117116720,
    117167380,
    118015868,
    118831947,
    119882037,
    121430746,
    123074311,
    124983579,
    125434277,
    126709610,
    128856290,
    134407794,
    135581091,
    138394965,
    139386690,
    139551237,
    140104988,
    146004676,
    148161225,
    148232660,
    149691758,
    150913020,
    151757695,
    151797862,
    152641669,
    153138791,
    155528993,
    158974155,
    161770258,
    162532250,
    163113101,
    164520299,
    164632982,
    168933140,
    170723809,
    174299655,
    175508890,
    176019776,
    179741380,
    181059368,
    181252300,
    183328767,
    183900039,
    185718464,
    185975971,
    186442729,
    188623725,
    189961684,
    190576565,
    193117606,
    193140550,
    194312687,
    197072965,
    197107540,
    204282734,
    205153203,
    209009633,
    210648323,
    210651314,
    211875226,
    216551922,
    217287675,
    218586442,
    227342137,
    229773909,
    242860327,
    247819505,
    248447439,
    251271464,
    254152573,
    261061204,
    261588127,
    274555886,
    281155087,
    282125590,
    286603505,
    288350568,
    288352908,
    288603179,
    289929053,
    290907838,
    308019195,
    322005371,
    349003446,
    372877499,
    396926279,
    400112158,
    402627287,
    404731151
  ],
  [
    227360,
    460166,
    681779,
    1111063,
    1169013,
    1645867,
    1962069,
    2672156,
    2697781,
    2747637,
    2835366,
    3084115,
    4160664,
    4689063,
    5048685,
    5962932,
    6091014,
    6276393,
    6287999,
    6647157,
    6928852,
    7170120,
    7418843,
    7580599,
    7922567,
    8188070,
    9087989,
    9395669,
    10521640,
    11505808,
    11680419,
    11963003,
    12102929,
    12103472,
    12162114,
    12755275,
    13282736,
    13337442,
    13628524,
    13899473,
    16446474,
    18247186,
    19099769,
    19393920,
    21763971,
    22325451,
    22752386,
    26231938,
    26780371,
    27112629,
    27192378,
    27352708,
    27636410,
    28702237,
    29197948,
    30272220,
    31313312,
    32242539,
    33936869,
    36249226,
    36447943,
    37274000,
    38061658,
    40506323,
    40884914,
    41700450,
    47825213,
    49291163,
    50338247,
    50344327,
    50885561,
    52959363,
    54713711,
    55177653,
    55693536,
    55700591,
    56825017,
    58878107,
    61508618,
    61891976,
    63886522,
    64710733,
    64873999,
    65892261,
    67224288,
    68644830,
    68986138,
    71349945,
    78716026,
    78781490,
    88926998,
    95399707,
    95446791,
    98081149,
    98969785,
    102186705,
    107281199,
    116368803,
    118831947,
    125199328,
    127107675,
    127374720,
    133125431,
    135418641,
    135928470,
    136464935,
    140425751,
    143827448,
    145061484,
    145515258,
    147489820,
    152458812,
    174531908,
    181465212,
    185194005,
    185547410,
    189635355,
    202620920,
    218586442,
    223643566,
    226893510,
    229311260,
    229773909,
    230962873,
    231020070,
    232387487,
    236421294,
    259718719,
    261186128,
    272291533,
    289790173,
    290501858,
    290701389,
    307831365,
    318705823,
    332664845,
    379649997,
    390221150
  ],
  [
    1399176,
    1476121,
    1503070,
    1785045,
    2472186,
    3319870,
    3999126,
    4160664,
    4444894,
    4484756,
    4606385,
    4933882,
    5213278,
    6276393,
    7044140,
    7603655,
    8810960,
    10439742,
    10459882,
    10484115,
    11663825,
    11770301,
    11773550,
    13299714,
    13628524,
    17523182,
    19208560,
    21019930,
    25566652,
    26261882,
    26536915,
    29021014,
    29556706,
    31141303,
    31665226,
    33381599,
    34513359,
    34956750,
    36914797,
    38061658,
    38719451,
    40884914,
    44514679,
    45498767,
    47591859,
    48796939,
    50067704,
    51366910,
    51523609,
    51656704,
    52951247,
    53328373,
    55593320,
    57038944,
    57182716,
    60958458,
    62259949,
    67819012,
    68394930,
    69518577,
    70719508,
    70943223,
    73257840,
    76322761,
    77351487,
    84201653,
    84238501,
    95349866,
    96476795,
    96577151,
    97139610,
    98923272,
    102853443,
    109270408,
    109594065,
    111122859,
    112153943,
    121458689,
    121593662,
    122021567,
    123841170,
    133771287,
    133983359,
    137375835,
    137567892,
    138925835,
    142159518,
    144968145,
    151836179,
    161216754,
    164099353,
    164902856,
    165951549,
    166718753,
    169688661,
    174531908,
    182158558,
    185194005,
    192775244,
    195711899,
    202341403,
    214533767,
    218586442,
    221156320,
    236421294,
    245954430,
    314360616,
    331816727,
    356047821,
    357457591,
    368214794
  ],
  [
    71558,
    762778,
    835121,
    923954,
    1916315,
    46713509,
    60242686,
    82765545,
    132467283,
    150659425,
    155465411,
    185280115,
    202921110
  ],
  [
    6592717,
    173275173,
    229323619,
    231379457,
    231892522,
    327447518,
    335963069,
    340505238,
    345158707,
    345680894
  ],
  [
    862571,
    9880825,
    14842347,
    21019103,
    22150175,
    34513359,
    53799654,
    204536619,
    227223252,
    274277257,
    338856012
  ],
  [
    258328,
    593880,
    718771,
    1198049,
    1620745,
    1645767,
    2305078,
    2493553,
    2648232,
    3615744,
    3927935,
    4484756,
    5359376,
    5683759,
    6293697,
    7359573,
    8420886,
    9862999,
    11827602,
    12206914,
    12929111,
    12969833,
    13707076,
    14172873,
    15087421,
    15453938,
    16581889,
    16828043,
    20218311,
    22150175,
    23184528,
    23400728,
    24309975,
    24505363,
    30049986,
    31665226,
    31979147,
    35317867,
    37362949,
    40884914,
    41042955,
    43690631,
    47806815,
    49134924,
    49224826,
    56490010,
    57422754,
    62129174,
    63503170,
    64448462,
    67863790,
    68371147,
    69363137,
    70324853,
    82583390,
    86856993,
    87949535,
    88418679,
    96577151,
    99391078,
    100128204,
    101441354,
    102853443,
    110279288,
    113916599,
    120024592,
    121135864,
    126126911,
    134102511,
    134669388,
    135063097,
    135636076,
    137203554,
    138459272,
    150546499,
    154056814,
    154430773,
    174565486,
    176922933,
    188528967,
    192252227,
    192378463,
    192669785,
    195894364,
    196561140,
    200045325,
    202449966,
    212898666,
    214064930,
    216699853,
    218470687,
    221317098,
    226833085,
    233965922,
    240974267,
    243038022,
    245974434,
    256648169,
    264603345,
    266807246,
    274337779,
    286265863,
    287475882,
    289883252,
    297386627,
    302325655,
    306424075,
    312701344,
    315143149,
    315633132,
    324113751,
    329825005,
    333638284,
    338682331,
    340311656,
    340581385,
    344582569,
    356732785,
    364525709,
    366471958,
    370790442,
    375684254,
    376182958,
    378533156,
    379806246,
    381847507,
    383258031,
    395660410
  ],
  [
    593880,
    1620802,
    2185296,
    4175509,
    10428328,
    20671740,
    21422674,
    24802127,
    39963598,
    60958458,
    62872501,
    76482671,
    93531652,
    98062072,
    103466373,
    120648514,
    132884100,
    134032374,
    137329424,
    142604837,
    156056130,
    156320178,
    157528660,
    163318972,
    166390315,
    171246400,
    176871105,
    178517380,
    182478999,
    186041480,
    188470546,
    195452885,
    196455850,
    198108210,
    200511579,
    202184865,
    204472296,
    204871386,
    206607662,
    207570174,
    217035509,
    221919783,
    224802044,
    237549101,
    237609051,
    240899854,
    241078679,
    242428522,
    244478345,
    246085688,
    252672366,
    256563782,
    259591372,
    260236553,
    263130905,
    267007828,
    269084801,
    269195532,
    270360190,
    270935342,
    279648275,
    280217324,
    283140429,
    288969545,
    291248554,
    295191898,
    296329460,
    296334770,
    296472937,
    298735957,
    306039933,
    310540725,
    312437242,
    312464049,
    312872385,
    317275029,
    322781969,
    323749068,
    326777529,
    327639723,
    328918549,
    329856835,
    330765901,
    332521451,
    332740357,
    332914395,
    337070530,
    337511677,
    338745506,
    342764174,
    343670224,
    345458603,
    345752024,
    348045748,
    348905152,
    349542570,
    349857410,
    353712611,
    359433623,
    360841096,
    361375281,
    367860935,
    380140038,
    381677722,
    382820707,
    387545822,
    387584434,
    388388240,
    394434202,
    399156152,
    407832511
  ],
  [
    3869566,
    4925128,
    10313604,
    10337190,
    12465009,
    16629700,
    16928918,
    21402514,
    21536756,
    24214927,
    25594784,
    26114658,
    31186830,
    31590082,
    33724433,
    35830347,
    35985863,
    36270686,
    38357885,
    41147895,
    41553419,
    43029973,
    43468918,
    50283364,
    51564862,
    52130251,
    52147474,
    52246715,
    52492310,
    52582890,
    52626262,
    53014334,
    54500106,
    56411056,
    58389749,
    61000534,
    61148405,
    66566053,
    70079638,
    71215841,
    72524057,
    77533339,
    81051545,
    82168255,
    82229159,
    84901902,
    86576487,
    87049730,
    88571325,
    92713688,
    93237967,
    93344776,
    93691195,
    94857586,
    95018097,
    96233168,
    96572637,
    97512863,
    100383111,
    103361808,
    105802937,
    108345502,
    108772591,
    109799439,
    112760667,
    117472084,
    117984223,
    121672505,
    121706241,
    122831024,
    124312164,
    125223668,
    126190890,
    126480065,
    128917041,
    131953839,
    132595308,
    132873331,
    134402625,
    134654471,
    136109536,
    136140586,
    136385096,
    136775081,
    136983043,
    137049140,
    137119574,
    140262755,
    140468471,
    140694829,
    140863156,
    141396780,
    141830487,
    141887528,
    144809381,
    145385225,
    145515782,
    147135815,
    147857748,
    148434930,
    148668026,
    150584026,
    152300337,
    152721368,
    152855270,
    153233227,
    153387892,
    153490134,
    154536820,
    154546834,
    155192702,
    155301685,
    155324967,
    155706853,
    155718888,
    155788551,
    155825630,
    156350820,
    157070911,
    157347726,
    157520130,
    157641973,
    157646546,
    158087109,
    158103306,
    158828519,
    158901716,
    159407031,
    159682318,
    160058053,
    160321599,
    161365716,
    162084663,
    162655642,
    162743289,
    163789599,
    164189306,
    164434033,
    164462727,
    164974034,
    165159233,
    165168289,
    165495236,
    165544551,
    165837363,
    165891501,
    166011853,
    166053597,
    166180912,
    166858069,
    167043057,
    167194945,
    167254002,
    167284238,
    167364968,
    167412817,
    168054705,
    168726017,
    168802025,
    168879490,
    168944384,
    169011752,
    169028054,
    169049479,
    169197432,
    169430172,
    169556624,
    170104162,
    170612186,
    170656207,
    170680810,
    170714640,
    170751563,
    170972592,
    171150360,
    171155300,
    171586089,
    171948139,
    172403260,
    172632360,
    172685473,
    172713054,
    172715471,
    172810233,
    172915872,
    173068426,
    173074448,
    173161983,
    173163116,
    173318328,
    173337906,
    173867059,
    174156205,
    174319310,
    174858465,
    175276109,
    175308900,
    175377661,
    175455347,
    175661212,
    175736407,
    176132492,
    176151769,
    176375049,
    176600698,
    176899001,
    176918030,
    176951012,
    177047628,
    177150186,
    177153088,
    177331840,
    177411862,
    177417477,
    177420853,
    177458931,
    177459967,
    177603395,
    177651997,
    177653880,
    177655134,
    177722399,
    177769133,
    177841719,
    177925028,
    177957847,
    178031678,
    178114258,
    178216950,
    178218344,
    178394454,
    178440869,
    178459510,
    178469731,
    178826713,
    178853433,
    178983323,
    178987960,
    179136138,
    179151042,
    179213362,
    179403039,
    179440248,
    179482564,
    179487559,
    179664421,
    179838363,
    179853011,
    179865449,
    179895494,
    179900268,
    179901615,
    179902223,
    179917639,
    179918754,
    179961305,
    180176657,
    180239506,
    180292087,
    180321616,
    180442630,
    180488923,
    180507928,
    180604454,
    180609194,
    180610571,
    180615646,
    180655694,
    180659007,
    180742083,
    180837994,
    180871798,
    180940491,
    180946226,
    181023303,
    181028806,
    181084882,
    181311734,
    181352782,
    181415651,
    181415986,
    181430950,
    181443425,
    181454232,
    181462301,
    181503908,
    181567667,
    181812457,
    182030372,
    182097154,
    182169047,
    182180873,
    182295905,
    182350079,
    182550822,
    182551209,
    182824699,
    182848692,
    182864618,
    182977921,
    183382167,
    183559342,
    183666919,
    183760139,
    183781813,
    184027813,
    184050985,
    184114716,
    184766044,
    185008193,
    185103610,
    185105512,
    185114051,
    185152480,
    185245969,
    185249802,
    185283339,
    185300328,
    185430307,
    185573423,
    185672582,
    186178717
  ],
  [
    34021,
    129241,
    462255,
    727643,
    738493,
    3266407,
    4086024,
    4732250,
    4786417,
    5444810,
    5479648,
    5801339,
    6057916,
    6228865,
    7090254,
    7805471,
    8549405,
    9374399,
    9559027,
    9791656,
    10278312,
    10788174,
    11104475,
    11511443,
    11910797,
    14266082,
    15367500,
    18717819,
    18740365,
    18744732,
    19066163,
    19163843,
    19364883,
    19762691,
    20387464,
    21603555,
    22074830,
    22252027,
    26529781,
    26657374,
    27089892,
    28611509,
    29239243,
    29696502,
    29933172,
    32647667,
    32979048,
    33011318,
    34963054,
    35407473,
    36219752,
    38528865,
    38702454,
    38963647,
    39274019,
    40130999,
    41707115,
    48207057,
    48654843,
    49195870,
    49241471,
    49477240,
    49792910,
    49914235,
    50133314,
    50981923,
    51043074,
    51058438,
    51356200,
    51356758,
    51366910,
    52068222,
    52143161,
    52972276,
    54456821,
    54948198,
    56432592,
    56773445,
    57288399,
    57640368,
    58879095,
    60727966,
    61207667,
    62274554,
    62795042,
    62843615,
    62868883,
    63233203,
    63975639,
    64215878,
    64429922,
    65892691,
    66640766,
    66839043,
    67442696,
    68024130,
    72416867,
    73749570,
    75263565,
    75421832,
    76874186,
    77049737,
    77456651,
    77947512,
    79239568,
    80442838,
    82659313,
    84887798,
    85665746,
    85994793,
    86023108,
    88096811,
    88204085,
    88686706,
    89214284,
    89312591,
    92288862,
    95118957,
    95786603,
    99533407,
    101399328,
    104226162,
    105307059,
    106130407,
    106520071,
    107984383,
    112124052,
    112142024,
    117167353,
    120636471,
    122106466,
    125846381,
    131787273,
    132338902,
    132560432,
    133666266,
    134419184,
    136493214,
    137190610,
    137256513,
    138194600,
    140040982,
    144476824,
    145925783,
    146290646,
    147889701,
    147953593,
    148161225,
    150675492,
    155649582,
    156670661,
    156910256,
    157850984,
    159647043,
    164772825,
    164794970,
    166130720,
    168019363,
    168662906,
    172766619,
    174115710,
    174315517,
    183800275,
    194123375,
    194978599,
    202703707,
    203856687,
    216435007,
    219981509,
    220021563,
    221482490,
    224868611,
    225519976,
    226772473,
    231565232,
    232492697,
    236825727,
    237032915,
    238274365,
    238599279,
    238974521,
    243742538,
    245947405,
    249211461,
    249687913,
    253805023,
    255464513,
    255961347,
    263108359,
    265204909,
    266059162,
    272249751,
    274026757,
    280341012,
    281700217,
    282509221,
    284358667,
    285646422,
    288185354,
    298024955,
    302155101,
    302816150,
    306148106,
    312377897,
    315894123,
    318428879,
    320595717,
    321462674,
    388088581
  ],
  [
    24595,
    73397,
    372909,
    2072980,
    3082224,
    3647183,
    4050275,
    4409774,
    4577375,
    10895585,
    11791064,
    17478407,
    18682090,
    20218311,
    20327849,
    20579756,
    20676134,
    22219073,
    32469158,
    32507492,
    33484966,
    33739648,
    38212492,
    41287213,
    51812435,
    52610577,
    56786776,
    65044651,
    70581855,
    72819884,
    75506142,
    82038674,
    93065444,
    95562837,
    99333740,
    114593004,
    115159322,
    116964287,
    121171109,
    131643152,
    133151034,
    137418011,
    142150710,
    146886442,
    147320420,
    154803911,
    156320178,
    158249342,
    161561080,
    164631468,
    172519893,
    176226390,
    178054281,
    178995339,
    184157327,
    185987099,
    186197126,
    186314069,
    190009653,
    190582292,
    193038165,
    194441259,
    203525802,
    208196261,
    208433656,
    215424912,
    217838825,
    219350765,
    223546426,
    224745410,
    227400332,
    227646086,
    239966043,
    243542738,
    250217543,
    251397161,
    265570995,
    266616691,
    268791369,
    270635731,
    271683588,
    275382678
  ],
  [
    6038219,
    8545400,
    28326464,
    29290082,
    30651088,
    34162241,
    34696426,
    41382014,
    44339790,
    48580327,
    52916134,
    53854261,
    60814670,
    63035313,
    63309407,
    64036588,
    65660022,
    66550924,
    70078884,
    70315216,
    70757024,
    70873919,
    71576693,
    75166510,
    75627126,
    77490589,
    77544971,
    78236546,
    81162927,
    81441591,
    81709713,
    83283002,
    83352296,
    83919937,
    84556044,
    86197207,
    86867068,
    86867254,
    86868080,
    86906359,
    86907209,
    87012307,
    87322181,
    87461945,
    87773341,
    91699193,
    91993617,
    94493750,
    95969240,
    96150742,
    96925956,
    97159894,
    97169889,
    100042212,
    100851178,
    101654138,
    102106367,
    102812617,
    104291374,
    104538299,
    104795256,
    107100884,
    107354654,
    108003315,
    109997855,
    111875865,
    112426097,
    112678365,
    113137103,
    117283681,
    118609424,
    119379284,
    119745370,
    121307965,
    128835572,
    136050964,
    143936693
  ],
  [
    1684695,
    2169441,
    2226930,
    2459561,
    2724945,
    2737040,
    4944807,
    5207661,
    5311482,
    5393086,
    6648540,
    9869917,
    10041513,
    10755397,
    12201490,
    12548061,
    17827575,
    18247186,
    20327849,
    20682046,
    21370963,
    21526379,
    21936618,
    25094626,
    26183089,
    27031096,
    27235597,
    27260820,
    27269120,
    28813784,
    31059711,
    32039035,
    34009593,
    52140272,
    55726954,
    57831710,
    59194916,
    59957651,
    64376169,
    65147992,
    66514547,
    67335159,
    73849102,
    78416863,
    83129859,
    98964230,
    100165757
  ],
  [
    21179,
    240686,
    427721,
    522149,
    537527,
    593880,
    686916,
    835083,
    1586799,
    1598572,
    2169441,
    2261761,
    2284082,
    2451193,
    2459561,
    2468682,
    2507556,
    2779454,
    2883166,
    2979328,
    3191901,
    3569161,
    4049776,
    4061470,
    4171021,
    4199641,
    4444894,
    5207661,
    5913765,
    6039491,
    6195347,
    6615445,
    6648540,
    7052940,
    8737118,
    8977088,
    9118376,
    9313106,
    9744038,
    9919029,
    9935421,
    10041513,
    10043351,
    10404012,
    10729426,
    10755397,
    10773389,
    10908394,
    10918093,
    11025545,
    11766814,
    12136656,
    12213196,
    12282878,
    12308275,
    12330291,
    12548061,
    12654583,
    12761488,
    12811677,
    12876301,
    13313033,
    13628524,
    13675932,
    14199405,
    14223822,
    14611026,
    15431949,
    15951237,
    15951735,
    16113850,
    16332045,
    16892264,
    17097048,
    17260357,
    17811656,
    17883469,
    18056859,
    18228071,
    18247186,
    18433166,
    18872905,
    18946808,
    20154429,
    20351273,
    20458098,
    20458913,
    20467254,
    20682046,
    20690405,
    20862170,
    21081252,
    21081404,
    21316677,
    21370963,
    21936618,
    22156210,
    22254546,
    22680817,
    22800032,
    23278546,
    23291601,
    23410257,
    23470169,
    23793072,
    24196517,
    25094626,
    25383457,
    25422972,
    26183089,
    26763735,
    27235597,
    27260820,
    28082885,
    28793361,
    28813784,
    29861084,
    29878835,
    30192592,
    30590231,
    30867238,
    31394893,
    31422410,
    31630360,
    31827747,
    32047299,
    32347360,
    32541518,
    33505391,
    34006493,
    34238968,
    34279589,
    35811753,
    36478242,
    36810452,
    37025149,
    37514785,
    38061658,
    38315862,
    38891188,
    40033484,
    41382014,
    41938852,
    42712157,
    44216269,
    44621692,
    44739177,
    45407176,
    45927342,
    47884313,
    47896895,
    47941425,
    50911967,
    51331585,
    51454741,
    53933735,
    54516007,
    55726954,
    57216525,
    57737493,
    59250599,
    59942513,
    59957651,
    60969144,
    61742736,
    64376169,
    64854192,
    65343269,
    65446223,
    66242606,
    66307865,
    66514547,
    66793899,
    67021089,
    67554295,
    68447023,
    73488845,
    73679661,
    73849102,
    75216036,
    76034106,
    79416256,
    81241324,
    82501098,
    86688960,
    86907348,
    87089552,
    87755151,
    89874867,
    95562837,
    95566018,
    96108165,
    96179902,
    96186812,
    97373982,
    98964230,
    99293842,
    99293859,
    99400156,
    99541592,
    99949544,
    103376328,
    107715860,
    114524364,
    115159322,
    117167380,
    122695022,
    126375874,
    128034015,
    135581091,
    135922605,
    136554816,
    137418011,
    139139758,
    140540744,
    141917920,
    147810276,
    151757695,
    151797862,
    163113101,
    170723809,
    175508890,
    177150418,
    181865729,
    208805043,
    211682553,
    216551922,
    247819505
  ],
  [
    11826275,
    12762423,
    13024394,
    16236258,
    17814539,
    19591393,
    20895107,
    21158476,
    21791272,
    22403387,
    22694890,
    25374987,
    27739271,
    29060238,
    44153495,
    50687629,
    53015943,
    61260416,
    61855859,
    62028201,
    63758846,
    64556154,
    66164227,
    67263618,
    67335159,
    67900348,
    69005437,
    69966074,
    70438929,
    71559331,
    71944407,
    72659641,
    73850530,
    76708513,
    83009492,
    87483685,
    96108912,
    119559802,
    124079996,
    158222346,
    165349706
  ],
  [
    291240,
    301987,
    307789,
    593880,
    722215,
    1856321,
    2268782,
    6255357,
    8538208,
    17809753,
    30192592,
    44133723,
    45923461,
    49581419,
    50251250,
    52672209,
    53453123,
    108218257,
    119328228,
    139029079,
    155371986,
    227766969,
    240248764,
    254300145,
    265390875
  ],
  [
    452374,
    1671564,
    1730246,
    2834663,
    5207661,
    5444887,
    7170120,
    11444989,
    12733192,
    14233431,
    14542525,
    15300281,
    17233731,
    17478407,
    18247186,
    18300274,
    19663980,
    20218311,
    22033967,
    25703482,
    26208198,
    27727749,
    30192592,
    31630360,
    31799407,
    33006101,
    53799654,
    64202922,
    73849102,
    89896737,
    113772186,
    119560931,
    120695530,
    123074311,
    138137154,
    142852030,
    146614198,
    155447666,
    163026450,
    164099353,
    166744082,
    178938058,
    188326032,
    200763904,
    213923433,
    218586442,
    268506451
  ],
  [
    1197133,
    1585754,
    2041865,
    2264047,
    2298618,
    2645560,
    3349426,
    4789586,
    4867375,
    5207661,
    5478897,
    5682418,
    5707776,
    6099243,
    6275575,
    6579153,
    6902393,
    7618301,
    7657016,
    9038767,
    9362994,
    9791656,
    11437538,
    11584959,
    12037427,
    12381372,
    13826150,
    14266082,
    14879880,
    16771523,
    16869279,
    16931260,
    17159326,
    17565675,
    18309461,
    20079001,
    20432487,
    20482145,
    20525334,
    22254546,
    22425071,
    24864692,
    25309815,
    28061842,
    28727052,
    32071345,
    33961597,
    35919451,
    37268624,
    38165124,
    38448239,
    38899353,
    39041543,
    39289745,
    40466733,
    40696897,
    41843107,
    42625620,
    43246645,
    49291163,
    50334930,
    50471860,
    52132747,
    53932561,
    54799747,
    57561144,
    58624432,
    59355202,
    59519426,
    59670700,
    60688154,
    61632657,
    62845216,
    64132684,
    65174008,
    65494989,
    65690189,
    70741843,
    77829867,
    85202712,
    85553390,
    87830757,
    92191396,
    94572752,
    95894795,
    96390653,
    99862401,
    103855239,
    104536560,
    108043402,
    115940744,
    117152848,
    122846462,
    133970425,
    135299115,
    139679754,
    141027602,
    142877013,
    143047459,
    146663961,
    148514447,
    150427705,
    152308859,
    153811210,
    156564184,
    170737098,
    172304442,
    173981433,
    175062791,
    181465212,
    186844707,
    187713427,
    191109562,
    199125769,
    200417520,
    203072974,
    206884947,
    242572074,
    247954675,
    249517213,
    250584858,
    250918332,
    260497396,
    269260788,
    288817491,
    298807305,
    318649921,
    320305567,
    333531137,
    354269245,
    354580684,
    358860403,
    364822247,
    375069502,
    381852706,
    387959879,
    399389992
  ],
  [
    193392,
    501156,
    2210073,
    2414199,
    2887650,
    4160664,
    4172867,
    4484756,
    4934248,
    5207661,
    6276393,
    6682597,
    7170120,
    8034634,
    8715939,
    9780312,
    9880825,
    10412744,
    10439742,
    10837025,
    11953877,
    12841176,
    15108094,
    16332045,
    17478407,
    18300491,
    20218311,
    21316741,
    21635345,
    22150175,
    22423016,
    25562631,
    25566652,
    28595619,
    29555923,
    31241113,
    31661479,
    33847713,
    36914797,
    40092077,
    41885917,
    47790178,
    48650090,
    50878272,
    51054229,
    53682384,
    53799654,
    55597039,
    56334871,
    57059395,
    57216525,
    58974822,
    67320343,
    73016155,
    74152288,
    78442041,
    79305437,
    84175252,
    85224931,
    87983579,
    90406337,
    96577151,
    108478878,
    111147246,
    120695530,
    121473109,
    123074311,
    123841170,
    132714198,
    132837763,
    133769219,
    137375835,
    140790034,
    143571397,
    153362352,
    158241817,
    161746152,
    164099353,
    165060845,
    165874809,
    165951549,
    166718753,
    174531908,
    175169341,
    178938058,
    183690959,
    185194005,
    186314069,
    187479635,
    195232605,
    216158654,
    218586442,
    223643566,
    226300162,
    233401565,
    234785254,
    237620834,
    246525703,
    247480997,
    267530145,
    279231770,
    325952548,
    347639763
  ],
  [
    185041675,
    263751709,
    333192109,
    361566178,
    361868444
  ],
  [
    93299662,
    143028223,
    158250413,
    160218147,
    189695161,
    211308891,
    213373740,
    266660222,
    279716030,
    291123702,
    303286112,
    311176279,
    342096480,
    345316306,
    352140244,
    358694496,
    366914555,
    370125568,
    371961367,
    375432391
  ],
  [
    26198458,
    129754253,
    138173824,
    140586857,
    158675224,
    169372285,
    187850958,
    189695161,
    195033700,
    211308891,
    241184061,
    242182841,
    288314417,
    291123702,
    302751644,
    315031785,
    321915202,
    337388270,
    361579890,
    367088069,
    369517003,
    370125568,
    372194101,
    372424758,
    373805976,
    375427744
  ],
  [
    43730179,
    93044715,
    123172409,
    143662769,
    146242778
  ],
  [
    861605,
    5795934,
    9880825,
    13778802,
    14233431,
    19433707,
    20450141,
    21019930,
    22150175,
    22305057,
    29094391,
    49458241,
    58072434,
    61020757,
    68024130,
    76628687,
    76889482,
    79677061,
    80053518,
    82675227,
    89896737,
    90452271,
    94826779,
    113881114,
    143759507,
    143936693,
    150120050,
    153308241,
    165497872,
    167554712,
    178938058,
    203060890,
    218586442,
    224169090,
    228604220,
    233401565,
    253529841,
    262518162,
    322597085
  ],
  [
    501156,
    1136436,
    1949644,
    2458763,
    2908854,
    3864568,
    4049776,
    4412801,
    4444894,
    4606385,
    4865568,
    5065669,
    5099442,
    5207661,
    5562319,
    6108025,
    6276393,
    7043487,
    7158180,
    7170120,
    7718702,
    8025250,
    9869917,
    10484115,
    10845416,
    11142536,
    11346513,
    11663825,
    11773550,
    11829527,
    11853105,
    12761488,
    13411274,
    13628524,
    15563749,
    16828043,
    17478407,
    18012130,
    18130149,
    18247186,
    18266939,
    18868517,
    18946808,
    20218311,
    21019930,
    21244272,
    22033967,
    22150175,
    22505269,
    22773304,
    22837443,
    25551796,
    25566652,
    26261882,
    27435919,
    29118960,
    30192592,
    30615877,
    31665226,
    33446098,
    33497865,
    34513359,
    34652715,
    34956750,
    37938087,
    38061658,
    40884914,
    46873371,
    48796939,
    49554472,
    50121662,
    50447544,
    50878272,
    53799654,
    59043352,
    60958458,
    61391356,
    62143125,
    62617707,
    63599744,
    65044651,
    68792675,
    73257840,
    76628687,
    83318227,
    84245064,
    84666472,
    85256714,
    85728539,
    88295114,
    88492766,
    92523823,
    94393909,
    96577151,
    99009126,
    100755141,
    102853443,
    109594065,
    112932539,
    114407262,
    116368904,
    121458689,
    123074311,
    123841170,
    124554585,
    126693959,
    127918471,
    135131599,
    137203554,
    137375835,
    137425564,
    142393786,
    143920413,
    144476824,
    144586048,
    145069063,
    145767618,
    146383898,
    146547325,
    151161506,
    152641669,
    158166720,
    158289992,
    158340000,
    160327761,
    162166232,
    165650369,
    166718753,
    174531908,
    177117034,
    178938058,
    184290745,
    185194005,
    187178331,
    190879159,
    195232605,
    204034773,
    210471940,
    213923433,
    214533767,
    217140272,
    218250773,
    218586442,
    221156320,
    235443801,
    240400809,
    258402770,
    279231770,
    290793837,
    316974420,
    332218066,
    333270095,
    337348801,
    371505580
  ],
  [
    6782,
    103888,
    331530,
    352139,
    501156,
    1200324,
    1261272,
    2574606,
    2697781,
    2737040,
    3047940,
    3225917,
    3259039,
    3532879,
    3648594,
    4484756,
    4675394,
    5386706,
    5393086,
    5444887,
    5562319,
    5606070,
    6108025,
    6153264,
    6262603,
    6276393,
    6794406,
    7055865,
    7159252,
    7170120,
    7348071,
    7361794,
    7502047,
    7603655,
    7718702,
    8034634,
    8656727,
    9531853,
    9780312,
    10011638,
    10217482,
    10218910,
    11853105,
    12097737,
    12131847,
    12590026,
    12761488,
    12787871,
    12890913,
    13411274,
    15429781,
    15906241,
    16056930,
    16272887,
    16320101,
    16386413,
    16686471,
    17308990,
    17367493,
    18036139,
    18206094,
    19936353,
    20218311,
    20257159,
    20257487,
    20682046,
    21568050,
    25103574,
    25562631,
    25566652,
    26114428,
    28595619,
    29610010,
    30018194,
    31141303,
    32778992,
    33393461,
    33864534,
    34826946,
    35153728,
    35158990,
    35536390,
    36914797,
    39023162,
    39895226,
    40072709,
    40253529,
    43902952,
    44429877,
    44735808,
    44739177,
    49522475,
    49569563,
    51754759,
    51847224,
    53247530,
    55542658,
    57059395,
    57190304,
    59102351,
    59335152,
    61817125,
    62571090,
    63180119,
    64430058,
    65279082,
    67442202,
    82303558,
    89896737,
    90539789,
    90972539,
    91566129,
    94111808,
    95669003,
    96281055,
    98908987,
    98927221,
    99194244,
    107288286,
    109594065,
    117167380,
    123074311,
    123841170,
    125002059,
    125769138,
    126693959,
    132837763,
    132874874,
    133769219,
    135028230,
    135131599,
    135137751,
    137418011,
    138400482,
    141560314,
    149691758,
    153088841,
    159301614,
    161851022,
    163709379,
    164902856,
    172726663,
    172874501,
    174531908,
    180791233,
    182885654,
    186754713,
    188531566,
    192278624,
    192775244,
    202770871,
    207852319,
    208731711,
    217951019,
    225425045,
    227796270,
    231224163,
    237620834,
    244925577,
    249461046,
    255965718,
    258246838,
    259442171,
    270608783,
    274143094,
    301221342,
    309421115,
    336159948,
    339963389,
    360802654,
    364543366,
    380407713
  ],
  [
    501156,
    10484115,
    13451055,
    20252529,
    25566652,
    51738766,
    82303558,
    116368904,
    119536092,
    123721776,
    132884100,
    135131599,
    137165073,
    137375835,
    137508828,
    143428776,
    156320178,
    158465354,
    166718753,
    189340840,
    242301864,
    244253834,
    298541405
  ],
  [
    6703911,
    12548061,
    15362788,
    34792697,
    52555909,
    54668425,
    58041047,
    62788418,
    63933597,
    100839765,
    106130789,
    115212275,
    123415709,
    136819369,
    167352685,
    172179291,
    175811463
  ],
  [],
  [],
  [
    18247186,
    116964287,
    138251270,
    140281220,
    141463400,
    146730947
  ],
  [
    593880,
    10462642,
    11722508,
    20351273,
    28595619,
    30192592,
    31215773
  ],
  [
    640363,
    1168933,
    1924851,
    2073835,
    2638770,
    2836598,
    3637206,
    4186087,
    4470948,
    4627793,
    8099049,
    10847138,
    12653278,
    13513588,
    14076561,
    14601700,
    15122007,
    15317984,
    15846970,
    16601524,
    20553908,
    20702800,
    22337803,
    22338371,
    23924919,
    25798219,
    26958796,
    27434066,
    27632167,
    30575180,
    30831389,
    31991225,
    32911729,
    35428031,
    36357644,
    38204385,
    39432088,
    39586769,
    40949729,
    41100119,
    45851870,
    52913318,
    56107078,
    66632525,
    78630860,
    79065251,
    83263321,
    86808965,
    91587683,
    102629597,
    117726389,
    124578704,
    133950613,
    134275402,
    139964527,
    144761887,
    147895861,
    148340052,
    149088994,
    149190819,
    151466503,
    151834180,
    160611828,
    168470720,
    177934660,
    184323875,
    195693876,
    203011402,
    217825133,
    222208628,
    258641989,
    286221004,
    337553274,
    343205239,
    392465854
  ],
  [
    55424396,
    67566358,
    74258542,
    152078052,
    155332011,
    161932516,
    174308442,
    249191740,
    261719497,
    267076194,
    271035020,
    273790191,
    281959687,
    296446475,
    296499200,
    302335558
  ],
  [
    5220488,
    162076654,
    232127941,
    250526709,
    284126199
  ],
  [],
  [
    2067775,
    5580791,
    16202885,
    200511579,
    207714731,
    262674437
  ],
  [
    171450286,
    174017585,
    189817267
  ],
  [],
  [],
  [],
  []
]