[
  [
    14354,
    48583,
    105496,
    195982,
    296481,
    380901,
    649863,
    727795,
    934321,
    938143,
    1103514,
    1163758,
    1297278,
    1306405,
    2434752,
    2443119,
    2477113,
    2501276,
    2615103,
    2844523,
    2862276,
    3004837,
    3218869,
    3621806,
    3735701,
    4041283,
    4136767,
    5173357,
    5272690,
    5711749,
    6233085,
    6407950,
    8099988,
    8169207,
    9693933,
    10088533,
    10291831,
    10486320,
    10691948,
    10903810,
    11429396,
    12149300,
    12235383,
    12281553,
    13060463,
    13798934,
    13877054,
    14166370,
    14178657,
    14349566,
    14468950,
    14521625,
    14586369,
    15573196,
    17400135,
    18017278,
    18244448,
    18674102,
    19607356,
    19650626,
    20397256,
    21468345,
    21539986,
    22545584,
    22548544,
    22554983,
    23271573,
    25189607,
    25280736,
    25703482,
    26650239,
    28688387,
    28958288,
    29885183,
    31039726,
    31313923,
    31623018,
    32296567,
    33402623,
    33549437,
    33615351,
    33725679,
    34161169,
    35854828,
    36456374,
    39476695,
    39695922,
    40236266,
    40707484,
    41391452,
    44687920,
    45111333,
    45825480,
    47907028,
    49308632,
    49709844,
    49915110,
    50037217,
    53844732,
    54662936,
    55153940,
    60405896,
    60420622,
    61836148,
    61897913,
    62218794,
    63474835,
    63821472,
    64043620,
    64232196,
    70853771,
    76159818,
    77351487,
    80829073,
    80906127,
    82910951,
    84088643,
    85765544,
    88817981,
    93946317,
    93963775,
    96765488,
    100200362,
    101915437,
    103613480,
    105424353,
    106263706,
    115548875,
    123192782,
    124044250,
    124230281,
    132226317,
    132431762,
    133828105,
    134040146,
    134408911,
    135357714,
    137152675,
    138260135,
    138624067,
    139246102,
    141080734,
    144300810,
    145165361,
    145180865,
    148945165,
    151678553,
    151879797,
    151891973,
    152201841,
    152966810,
    153180179,
    154396869,
    155220477,
    156412897,
    156920936,
    157807421,
    160547133,
    163835150,
    170023228,
    176820792,
    177972066,
    178191776,
    181912367,
    192954119,
    197734672,
    209496140,
    223130749,
    223176278,
    223993181,
    240273737,
    248969931,
    263173750,
    277433405,
    282197271,
    285138711,
    291570230,
    298788028,
    299842661,
    321804642,
    322773819,
    328334072,
    336164029,
    338087765,
    339501255,
    346630619,
    358822678,
    360558715,
    366247621,
    391110223,
    394455492,
    395567182,
    402535246
  ],
  [
    570954,
    693347,
    1255831,
    1817262,
    2264047,
    3539681,
    3759247,
    4759275,
    4770131,
    5349555,
    5796139,
    9550125,
    10584391,
    10849877,
    11874427,
    12017877,
    17432930,
    18149443,
    22042936,
    23035202,
    23196984,
    26760626,
    27306818,
    27397914,
    28091217,
    29233594,
    34161745,
    34954528,
    41644693,
    45385888,
    49639730,
    51360621,
    54609604,
    57056782,
    57295496,
    60056087,
    61825482,
    77930644,
    83209329,
    93944043,
    94402080,
    95176872,
    96581579,
    101651325,
    106073620,
    131643237,
    136019890,
    136480352,
    136616763,
    144553730,
    151666259,
    152840339,
    153595860,
    160976606,
    161555589,
    171496236,
    181966126,
    187121781,
    205851304,
    208752519,
    217558191,
    217842333,
    225188311,
    235463992,
    241850821,
    256790377,
    270791630,
    272206780,
    273201124,
    279649228,
    280886605,
    297757432,
    303091642,
    322109703,
    325883675,
    335493575,
    344763460,
    346041493,
    352539831,
    354989956,
    361717435,
    384651882,
    391891434,
    400580200
  ],
  [
    606308,
    967972,
    1385813,
    1432407,
    1585331,
    1719044,
    2230519,
    2752259,
    2814488,
    2938161,
    3127880,
    3470159,
    4657533,
    4869123,
    6219141,
    7783842,
    8466888,
    9534221,
    9608300,
    9793224,
    9839922,
    9891465,
    9903236,
    10656479,
    10943038,
    11910007,
    12432160,
    12708191,
    15139591,
    15434446,
    16049408,
    16068596,
    16965447,
    17361812,
    18003855,
    18108195,
    19080420,
    19624676,
    20032096,
    21166139,
    23340576,
    23984102,
    26335535,
    26484525,
    27026796,
    30219251,
    30567813,
    30605433,
    31347276,
    32031355,
    32051088,
    32123458,
    32509168,
    33187871,
    33455396,
    34433267,
    37451268,
    37765203,
    38069845,
    38240209,
    38503942,
    38647603,
    39801365,
    39943440,
    40949527,
    41099442,
    41121558,
    41492033,
    42501775,
    44451603,
    45399120,
    47646427,
    48410728,
    48414507,
    50491629,
    50995860,
    52341630,
    53914109,
    56143149,
    58353566,
    59168533,
    61900457,
    62578159,
    64119346,
    64678450,
    65151680,
    65467607,
    65524495,
    66586278,
    69658596,
    70465512,
    70699144,
    70987303,
    72936047,
    73569161,
    76475618,
    77627918,
    78697943,
    79371892,
    83261849,
    84755991,
    86189855,
    86532240,
    90087052,
    91153874,
    92203278,
    92276406,
    92539050,
    94722167,
    96671060,
    100757282,
    102038177,
    103657653,
    103962335,
    107015045,
    107155737,
    108132665,
    108386839,
    113252533,
    114752686,
    116022615,
    122423749,
    124183161,
    127113557,
    128475541,
    130633305,
    131513210,
    132773459,
    136045680,
    136990436,
    137027525,
    137235372,
    137360246,
    137825726,
    138311642,
    138319774,
    138452532,
    140096413,
    140249602,
    142055109,
    143648650,
    145924137,
    149091352,
    150300543,
    150886964,
    153471973,
    154757424,
    156071062,
    158384359,
    158770129,
    161947713,
    165529544,
    166809714,
    173307219,
    173421683,
    173508848,
    173906675,
    178620823,
    180940018,
    181919935,
    183942863,
    186604460,
    188877460,
    189393188,
    194876298,
    195551154,
    196455195,
    198728777,
    200585942,
    201091238,
    202259440,
    203989528,
    208497631,
    210054909,
    210669760,
    210673450,
    213636044,
    214728609,
    214934903,
    215229272,
    215287570,
    215605207,
    217950209,
    221025359,
    221623415,
    223156155,
    228659805,
    229322167,
    230126089,
    231922970,
    232847108,
    232968011,
    235426483,
    237429205,
    237722102,
    237939147,
    237958472,
    239389686,
    244803404,
    247197417,
    250260694,
    251776069,
    254673414,
    257788995,
    259069912,
    263720039,
    265894862,
    266021180,
    266199928,
    267349989,
    267778056,
    271535085,
    272117284,
    272729600,
    273380155,
    276448687,
    284129061,
    284687105,
    285807012,
    298764577,
    300205665,
    303235460,
    307550468,
    317059226,
    329291592,
    330886288,
    387451260,
    395666123,
    398538587
  ],
  [
    501217,
    3616193,
    6433083,
    6561012,
    7342280,
    9550125,
    11301045,
    14157627,
    15328737,
    16702460,
    17053334,
    17704213,
    18730187,
    19046052,
    20406500,
    20490191,
    23356356,
    24223414,
    25220779,
    34136018,
    37286848,
    40370163,
    42625620,
    42963195,
    47141181,
    49925551,
    50914007,
    59265271,
    61930754,
    65028382,
    69373960,
    70601922,
    71251282,
    77152453,
    83992023,
    96247740,
    96251102,
    112441496,
    128167358,
    131691368,
    131810973,
    137235372,
    138535805,
    150753735,
    153020719,
    153762344,
    158720949,
    159629763,
    160516380,
    161360886,
    163829934,
    168320096,
    169799897,
    176933782,
    185871490,
    186691863,
    192020933,
    195015709,
    197618507,
    208156341,
    210108433,
    219211531,
    247353476,
    262270126,
    277677219,
    284743687,
    299767970,
    309721543,
    320683039,
    325207964,
    329940506,
    335489199,
    341433396,
    367102001,
    368772502,
    392145399,
    396798228,
    401838542
  ],
  [
    2753677,
    4534552,
    5455694,
    6323281,
    6722361,
    7490459,
    9133623,
    9742886,
    10073092,
    10092417,
    11518175,
    13541092,
    19555208,
    20079444,
    21544648,
    25187884,
    25584750,
    29477300,
    33177889,
    36558699,
    40016832,
    40227184,
    49569595,
    51182876,
    54770846,
    56039115,
    59046920,
    62618424,
    64180286,
    68615175,
    72243798,
    72281583,
    73029722,
    76831905,
    86070930,
    87335815,
    92726773,
    99367855,
    102273377,
    120190746,
    120862605,
    121483431,
    133699083,
    146551088,
    147315847,
    152365156,
    157089926,
    159566672,
    159979874,
    162679032,
    162866834,
    163065315,
    164130014,
    164326410,
    165166259,
    167187766,
    169363654,
    170299178,
    172150510,
    173072858,
    174073069,
    174351264,
    176345771,
    176483967,
    176524202,
    181917155,
    182818112,
    187026581,
    189319047,
    189462938,
    193422257,
    204885221,
    212919067,
    213391232,
    222455335,
    223661705,
    227106349,
    227107789,
    233944306,
    237162019,
    240819716,
    243102217,
    245153468,
    245871760,
    252748041,
    256646927,
    256746891,
    257185828,
    266231455,
    284542304,
    287342908,
    296411394,
    300808199,
    301321506,
    301450584,
    301776924,
    304457236,
    315323658,
    318507289,
    333264593,
    334091967,
    338765145,
    348778217,
    351881582,
    353482876,
    363432385,
    383155923,
    387943460
  ],
  [
    1708549,
    4064656,
    4649862,
    8671337,
    9768021,
    12685963,
    18377822,
    18590665,
    32760960,
    34136018,
    47062879,
    55138104,
    65757481,
    78234351,
    82101613,
    91936875,
    135357714,
    139957156,
    156898693,
    192472552,
    193186153,
    199371892,
    212147625,
    229273069,
    321801036,
    336166628,
    337424689,
    348051403,
    404113769
  ],
  [
    1576498,
    2590238,
    5218921,
    7674869,
    8364280,
    9889160,
    17589076,
    19390466,
    20804322,
    21417846,
    35153708,
    36761570,
    45825480,
    47913128,
    80622976,
    82273829,
    94448669,
    95667424,
    119574415,
    119870767,
    155379855,
    160899797,
    178680365,
    206538429,
    217641172,
    235891849,
    246766095,
    267822757,
    298284761,
    309820410,
    328488728,
    344632812
  ],
  [
    1197133,
    1585754,
    2041865,
    2264047,
    2298618,
    2645560,
    3349426,
    4789586,
    4867375,
    5207661,
    5478897,
    5682418,
    5707776,
    6099243,
    6275575,
    6579153,
    6902393,
    7618301,
    7657016,
    9038767,
    9362994,
    9791656,
    11437538,
    11584959,
    12037427,
    12381372,
    13826150,
    14266082,
    14879880,
    16771523,
    16869279,
    16931260,
    17159326,
    17565675,
    18309461,
    20079001,
    20432487,
    20482145,
    20525334,
    22254546,
    22425071,
    24864692,
    25309815,
    28061842,
    28727052,
    32071345,
    33961597,
    35919451,
    37268624,
    38165124,
    38448239,
    38899353,
    39041543,
    39289745,
    40466733,
    40696897,
    41843107,
    42625620,
    43246645,
    49291163,
    50334930,
    50471860,
    52132747,
    53932561,
    54799747,
    57561144,
    58624432,
    59355202,
    59519426,
    59670700,
    60688154,
    61632657,
    62845216,
    64132684,
    65174008,
    65494989,
    65690189,
    70741843,
    77829867,
    85202712,
    85553390,
    87830757,
    92191396,
    94572752,
    95894795,
    96390653,
    99862401,
    103855239,
    104536560,
    108043402,
    115940744,
    117152848,
    122846462,
    133970425,
    135299115,
    139679754,
    141027602,
    142877013,
    143047459,
    146663961,
    148514447,
    150427705,
    152308859,
    153811210,
    156564184,
    170737098,
    172304442,
    173981433,
    175062791,
    181465212,
    186844707,
    187713427,
    191109562,
    199125769,
    200417520,
    203072974,
    206884947,
    242572074,
    247954675,
    249517213,
    250584858,
    250918332,
    260497396,
    269260788,
    288817491,
    298807305,
    318649921,
    320305567,
    333531137,
    354269245,
    354580684,
    358860403,
    364822247,
    375069502,
    381852706,
    387959879,
    399389992
  ],
  [
    18263292,
    51051036,
    200563583,
    214995778,
    241405382
  ],
  [
    3328649,
    3826367,
    16762257,
    21233551,
    28452408,
    33366581,
    34535230,
    38528865,
    39837160,
    40130367,
    40747907,
    41056102,
    41626442,
    45351646,
    49101850,
    49621843,
    50909175,
    62584794,
    64649177,
    66559160,
    67288466,
    70096635,
    72595686,
    74148598,
    74332827,
    78158518,
    80400462,
    89864065,
    91959922,
    93261757,
    95380796,
    97134727,
    98582879,
    98742499,
    100004158,
    117167353,
    121450302,
    132062380,
    132117430,
    132431762,
    133077465,
    135635783,
    139023149,
    140664535,
    143473497,
    145274459,
    147830686,
    148516252,
    151793981,
    152099114,
    152280291,
    152437956,
    152517235,
    152841400,
    153467198,
    153554029,
    153588284,
    154341708,
    155773495,
    155804505,
    155955817,
    156241745,
    157081448,
    157374220,
    157878745,
    159078957,
    159119600,
    159379667,
    159915711,
    161910208,
    161962238,
    163275352,
    163314726,
    164345588,
    165050394,
    165286957,
    166708037,
    167270956,
    168317708,
    168447784,
    168700497,
    170294924,
    171342516,
    174441927,
    176043282,
    177032210,
    178110455,
    178111687,
    178113642,
    183640536,
    184792185,
    186178659,
    186182900,
    186329502,
    187782473,
    188575551,
    191251187,
    191771186,
    191916880,
    196170411,
    198724312,
    198801802,
    201858007,
    204841715,
    210887484,
    214906267,
    215252693,
    215281496,
    215803019,
    216532322,
    217812612,
    218191111,
    218841192,
    219760045,
    219981176,
    220234366,
    221322756,
    221554131,
    223219454,
    223950093,
    224749076,
    224806580,
    225042678,
    225264901,
    225331426,
    226248688,
    226374935,
    226401449,
    226419027,
    226433751,
    226436277,
    226437832,
    228274438,
    229577389,
    230207567,
    235476726
  ],
  [
    158572,
    391443,
    494206,
    1000598,
    1588791,
    2546170,
    2701689,
    2784275,
    3294347,
    3649486,
    3836858,
    5019169,
    5087667,
    5158814,
    5203033,
    5346462,
    6140083,
    7293937,
    8661737,
    8882963,
    9181220,
    9550125,
    12789705,
    13215372,
    13627546,
    14157627,
    15580930,
    16261110,
    16368767,
    16369901,
    16424585,
    17217971,
    22490911,
    24299882,
    27306818,
    27633455,
    30667212,
    31169684,
    32066623,
    32223511,
    33490093,
    34890575,
    35105101,
    35221328,
    35534482,
    35760030,
    36379180,
    36933599,
    44331686,
    45111333,
    48088785,
    48250942,
    50914007,
    50994636,
    51264131,
    55490397,
    56295863,
    57323134,
    60090832,
    66174431,
    69586259,
    75569402,
    78631072,
    78852286,
    83015458,
    83372982,
    83642910,
    87333371,
    90503483,
    91864331,
    98582879,
    102135470,
    114331345,
    117167353,
    119276691,
    126140442,
    126975052,
    128167358,
    134717794,
    134937855,
    138625037,
    139543552,
    140800730,
    143576841,
    147194692,
    147209161,
    151879797,
    154253676,
    154458227,
    155190551,
    156252508,
    157101179,
    157186921,
    161360886,
    162004291,
    164216349,
    167485319,
    178316832,
    181932567,
    192159538,
    193215042,
    194100249,
    194636308,
    208666680,
    210266184,
    214195253,
    222000608,
    228100282,
    230185813,
    236291942,
    248391217,
    276838808,
    288817491,
    322109703,
    341433396,
    359309360,
    398117584
  ],
  [
    94009,
    979033,
    1019640,
    1043643,
    1403548,
    2107267,
    7384863,
    14830980,
    25584750,
    31115105,
    39718229,
    41818629,
    51728135,
    56039115,
    61103891,
    62595230,
    63895841,
    68028367,
    69367769,
    71251193,
    74910285,
    75307102,
    75689943,
    76069740,
    85677151,
    99420285,
    113457803,
    114937408,
    132097450,
    132317812,
    142987053,
    144165063,
    147344400,
    157161226,
    157210154,
    157374220,
    159237728,
    162866834,
    163065315,
    164594013,
    166263190,
    172629336,
    173628944,
    176653928,
    179746073,
    187735466,
    195098898,
    195478278,
    198867195,
    200193870,
    203517648,
    204088257,
    207621394,
    211861481,
    216375545,
    224932806,
    225424973,
    231183401,
    236337878,
    239545171,
    246293945,
    248265037,
    257185828,
    257631788,
    259210755,
    278830060,
    296525453,
    298568403,
    302543053,
    304011385,
    306884092,
    309572105,
    318103937,
    344035865
  ],
  [
    143432,
    1273929,
    1515222,
    1653991,
    1914168,
    3053165,
    4699461,
    4706391,
    8138930,
    12450913,
    13470112,
    19164768,
    23386340,
    33392209,
    43471542,
    51300800,
    53566294,
    57361504,
    61806457,
    63113243,
    63785086,
    64728169,
    70564233,
    72600912,
    73825443,
    73932636,
    74405326,
    75511527,
    76895809,
    77678677,
    82712117,
    83872586,
    84486497,
    88044084,
    92029799,
    97611920,
    98929641,
    100494933,
    118562414,
    132799866,
    132853351,
    135855597,
    135960250,
    136925350,
    137323960,
    137957500,
    138222350,
    143213722,
    143570285,
    144098510,
    146675614,
    147876818,
    147933585,
    148261824,
    150921436,
    151158775,
    151306928,
    151385184,
    152168702,
    162033431,
    162233698,
    162745840,
    165716695,
    169458241,
    170705039,
    171351352,
    172826705,
    173017576,
    173529717,
    174234544,
    174258877,
    175793857,
    175872230,
    179330701,
    181425588,
    181708896,
    189597131,
    191263988,
    194138614,
    195610463,
    197831704,
    199488614,
    199551917,
    204045770,
    204761281,
    204797613,
    208585346,
    208678410,
    209094588,
    210130894,
    212712503,
    214863251,
    220408606,
    222104932,
    222345422,
    222657369,
    224081899,
    225454714,
    225569030,
    226994999,
    227306893,
    227896724,
    228615070,
    229008846,
    229145870,
    229598005,
    230299836,
    232996843,
    234938863,
    235847687,
    239831751,
    239845634,
    241800400,
    257634663,
    262014301,
    266493878,
    266892595,
    267288311,
    269160717,
    270255420,
    270300204,
    273936223,
    275422175,
    276786496,
    278490379,
    279744034,
    283856047,
    284670606,
    287389391,
    289464425,
    290053686,
    294220755,
    297687758,
    299084581,
    300721962,
    302285116,
    303309563,
    307065643,
    308201580,
    312196367,
    314923934,
    316703366,
    319912980,
    324181210,
    325850702,
    332604880,
    333555109,
    343508767,
    365430843,
    366581071,
    371790621,
    373778199,
    378134700,
    383334360,
    397730949,
    404357389,
    407900646
  ],
  [
    621260,
    3205890,
    3737248,
    3965037,
    13423041,
    26122852,
    30476969,
    32634323,
    43382745,
    43388769,
    56062549,
    65832701,
    73372665,
    82397949,
    106647260,
    139195217,
    152799988,
    155465611,
    214269884,
    238369272,
    243137409,
    303157092,
    336426700,
    371610036,
    376370313,
    383717272,
    383802039,
    387211900,
    395385428,
    398706216,
    399273364,
    400928361,
    403899612,
    404027045,
    407156565,
    407406765
  ],
  [],
  [
    14170180,
    17950503,
    19157783,
    20393981,
    20948541,
    23282165,
    26215925,
    27607475,
    27757028,
    28742759,
    30384897,
    30692617,
    32258673,
    33240379,
    33928816,
    43515053,
    47649351,
    48263968,
    49573027,
    50999272,
    51732746,
    54276524,
    54325882,
    54339468,
    56188895,
    56422301,
    65896625
  ],
  [
    167055,
    266359,
    298338,
    317097,
    342017,
    359587,
    504837,
    558354,
    606842,
    611262,
    688064,
    846801,
    909186,
    1137234,
    1217084,
    1451021,
    1558870,
    1707238,
    1962619,
    2151709,
    2664606,
    2725983,
    2784275,
    3056237,
    3225917,
    3358464,
    3995163,
    4199408,
    4276844,
    4725222,
    5059104,
    5618739,
    6055389,
    6126053,
    6440438,
    6622689,
    6959147,
    7389389,
    7621485,
    7741341,
    8389263,
    9278390,
    9362994,
    9614704,
    9797649,
    9922183,
    10528537,
    10779205,
    10886367,
    10897594,
    11919623,
    12583798,
    13106512,
    13178959,
    13356202,
    13523237,
    13645343,
    14705607,
    14824681,
    14825190,
    15256794,
    15625624,
    16480647,
    17280757,
    17345878,
    17658939,
    17934642,
    18182042,
    19163488,
    20619709,
    21318711,
    24121124,
    25684619,
    25889112,
    28798425,
    28972041,
    31502671,
    31555370,
    31659420,
    31805380,
    32587082,
    34056235,
    34079432,
    34573375,
    36540045,
    36882901,
    37779299,
    38861534,
    39863883,
    41734923,
    42625620,
    44122873,
    44374827,
    45312315,
    48558944,
    48890464,
    51372419,
    52281928,
    52462117,
    53123276,
    54366964,
    57435314,
    58108262,
    58604782,
    59166973,
    61916673,
    63506025,
    63782905,
    68656381,
    73388863,
    79120300,
    82650715,
    85264186,
    86197876,
    86939041,
    87400801,
    91146371,
    92088964,
    94075205,
    94224573,
    94437005,
    94630447,
    97654104,
    99273863,
    101334361,
    103867490,
    104020366,
    105567057,
    108638972,
    113934194,
    115768286,
    118446868,
    118819968,
    120940720,
    126686201,
    127156641,
    128167358,
    132093751,
    132701637,
    133282168,
    134025940,
    136012673,
    137255086,
    137605671,
    138535805,
    139492635,
    139833670,
    144098510,
    144186136,
    144400553,
    144504840,
    145769800,
    146679430,
    146809259,
    147018848,
    150527596,
    150670801,
    153255846,
    153719044,
    158082884,
    159158388,
    159380152,
    161062011,
    164833170,
    165510822,
    165983289,
    167486254,
    168267226,
    168777585,
    171731779,
    174263535,
    177304962,
    178652053,
    179066424,
    181945104,
    183187926,
    183444778,
    188820931,
    195696333,
    199661790,
    200967519,
    213989111,
    216362646,
    218486361,
    219366271,
    220500612,
    223824185,
    228908905,
    231261948,
    240389946,
    245683242,
    249235496,
    254217181,
    254595538,
    256009748,
    258795627,
    272426293,
    274973842,
    282373633,
    293851073,
    298553613,
    305863428,
    314149029,
    319496329,
    336959908,
    341433396,
    347327660,
    357066311,
    359309360,
    380984122,
    391911764,
    392903210
  ],
  [
    29678204,
    65406151,
    115468766,
    125033323,
    139326056,
    177617614,
    201330399,
    203838080,
    207202853,
    208129369,
    222638169,
    238822361,
    240725597,
    245650786,
    247405692,
    259104967,
    265838591,
    281821222,
    293703353,
    294459909,
    294714236,
    299219309,
    300945071,
    307979483,
    308159125,
    308742736,
    314119405
  ],
  [
    19501092,
    188074841,
    190705272
  ],
  [
    58801,
    148743,
    249348,
    323960,
    519702,
    584406,
    636854,
    802249,
    1155551,
    1335290,
    1386489,
    1393100,
    1478020,
    1545312,
    1604494,
    1626145,
    1993236,
    2136434,
    2697880,
    2784275,
    2812015,
    3640956,
    3776500,
    3795989,
    3806842,
    3999874,
    4790038,
    4925792,
    4953322,
    5203033,
    5745749,
    5851181,
    6805145,
    7657123,
    8368950,
    8846270,
    8949334,
    8969278,
    9346016,
    9362994,
    10111377,
    10518257,
    11198686,
    11226080,
    11260421,
    11289435,
    11522017,
    12156928,
    12325827,
    12402940,
    13204866,
    14397734,
    14805173,
    16446868,
    16515015,
    16679301,
    16961305,
    17258986,
    17339856,
    17658939,
    17885170,
    17929538,
    17948837,
    18110330,
    18732684,
    19476678,
    19549537,
    19902325,
    20402209,
    22490911,
    22703940,
    23096162,
    25788845,
    26614769,
    32223511,
    33086800,
    33297630,
    33480400,
    33895726,
    34045635,
    34136018,
    34834886,
    35087452,
    37406038,
    37733563,
    38097360,
    38380198,
    39695405,
    41836937,
    42625620,
    43733853,
    44368510,
    44887072,
    45074680,
    46688657,
    48077620,
    48533687,
    49395220,
    49673378,
    50024343,
    50914007,
    50994670,
    51206081,
    51263607,
    52199703,
    54086331,
    54816105,
    56192602,
    56425249,
    60825679,
    61930754,
    64775005,
    65196556,
    68948288,
    74374658,
    75843260,
    76147029,
    77285090,
    78092386,
    79508654,
    80713077,
    84248964,
    84943225,
    85585109,
    90272882,
    91257846,
    94049542,
    95266426,
    95812058,
    96029700,
    97087401,
    98061500,
    100823444,
    104119888,
    107565522,
    110079807,
    112013370,
    112498659,
    117167353,
    118351685,
    124707992,
    128167358,
    129105342,
    134397202,
    134892831,
    135203530,
    136653281,
    137235372,
    138263471,
    138625037,
    139292972,
    139338984,
    140694330,
    142855813,
    145582863,
    147061346,
    147951929,
    153200190,
    153904976,
    154493047,
    156218068,
    160070353,
    161360886,
    167825684,
    181670601,
    184128223,
    191000755,
    203895720,
    210410530,
    214205858,
    216391794,
    220876557,
    228308344,
    243058742,
    248391217,
    252344779,
    254166046,
    255014800,
    257426514,
    265297984,
    266518865,
    267529622,
    267611642,
    277557896,
    281926407,
    286855406,
    286959223,
    291003415,
    291784083,
    296323722,
    302853926,
    304567679,
    310174374,
    317154095,
    319871817,
    324724928,
    325639719,
    329748887,
    335789605,
    341433396,
    350218126,
    359309360,
    384745250
  ],
  [
    8642,
    195982,
    296481,
    727795,
    928465,
    1297278,
    2501276,
    2862276,
    3004837,
    3218869,
    4041283,
    4136767,
    10691948,
    12149300,
    13877054,
    14586369,
    18017278,
    18674102,
    19607356,
    21379583,
    49915110,
    54662936,
    80906127,
    88817981,
    101915437,
    130172009,
    133828105,
    139246102,
    145180865,
    153180179,
    176820792,
    177972066,
    282197271
  ],
  [
    138299801,
    152321483,
    155615406
  ],
  [],
  []
]