[
  [
    6564,
    6674,
    11153,
    12997,
    13842,
    23270,
    24529,
    27252,
    31260,
    42972,
    50879,
    52800,
    52848,
    53164,
    63163,
    66156,
    66755,
    66784,
    70728,
    87291,
    112471,
    118665,
    123262,
    144680,
    148461,
    154266,
    157954,
    158283,
    172317,
    190182,
    204860,
    216256,
    236204,
    247592,
    253127,
    263945,
    277827,
    292475,
    321736,
    327940,
    328570,
    345970,
    346648,
    355185,
    357464,
    365375,
    382960,
    389616,
    412307,
    434050,
    461535,
    470311,
    472958,
    473939,
    491729,
    512147,
    518864,
    519044,
    538646,
    546481,
    563200,
    573111,
    578525,
    606614,
    609893,
    623828,
    625759,
    638302,
    646678,
    669421,
    674936,
    678479,
    679374,
    695431,
    726315,
    737982,
    759794,
    846358,
    858093,
    935154,
    951551,
    954055,
    963764,
    975451,
    1002470,
    1039292,
    1050977,
    1080905,
    1081899,
    1085435,
    1091322,
    1114067,
    1160385,
    1169639,
    1249056,
    1272897,
    1285886,
    1288224,
    1304476,
    1318747,
    1324410,
    1404080,
    1416048,
    1437248,
    1498146,
    1539386,
    1547308,
    1554763,
    1587369,
    1588618,
    1589400,
    1621646,
    1624710,
    1651992,
    1657293,
    1663432,
    1694870,
    1734595,
    1738806,
    1757398,
    1777343,
    1790652,
    1812533,
    1843122,
    1846454,
    1866809,
    1897482,
    1928047,
    1986307,
    1999510,
    2051336,
    2069938,
    2099836,
    2211605,
    2238193,
    2313849,
    2348624,
    2359052,
    2361868,
    2414882,
    2430580,
    2437174,
    2440359,
    2457859,
    2529519,
    2591870,
    2597889,
    2673405,
    2788167,
    2818498,
    2871952,
    2879629,
    2931349,
    2974573,
    3059642,
    3070104,
    3164925,
    3246609,
    3247642,
    3285355,
    3323861,
    3381302,
    3381532,
    3402260,
    3564523,
    3616817,
    3649131,
    3742225,
    3837767,
    3875426,
    4308106,
    4374187,
    4399820,
    4422828,
    4423734,
    4433171,
    4459093,
    4459678,
    4461732,
    4545172,
    4576323,
    4689673,
    4816078,
    4831478,
    4847077,
    5037198,
    5054115,
    5158110,
    5177228,
    5188043,
    5262589,
    5334426,
    5441827,
    5505731,
    5534591,
    5548981,
    5560855,
    5634966,
    5749636,
    5775710,
    5930053,
    5973867,
    6119087,
    6138352,
    6138886,
    6256537,
    6256993,
    6287321,
    6323002,
    6632391,
    6647157,
    6782221,
    6824904,
    6894217,
    7037442,
    7148238,
    7435194,
    7482340,
    7531596,
    7615546,
    7620296,
    7633432,
    7693370,
    8028112,
    8110788,
    8245029,
    8682358,
    8726448,
    8735176,
    8788518,
    8872032,
    8941964,
    9050836,
    9099289,
    9229388,
    9252752,
    9678384,
    9742453,
    9928503,
    10159703,
    10234008,
    10273406,
    10302809,
    10323202,
    10335637,
    10391760,
    10722242,
    10867855,
    11007545,
    11041149,
    11104219,
    11375403,
    11451797,
    11719515,
    11723865,
    11830559,
    11874167,
    11906338,
    12051080,
    12526592,
    12628036,
    12763053,
    12923035,
    12988971,
    13078425,
    13111918,
    13228032,
    13247322,
    13616003,
    13668331,
    13674543,
    14149855,
    14468212,
    14565170,
    15075893,
    15140096,
    15294045,
    15699299,
    16070007,
    16093102,
    16233335,
    16307639,
    16498379,
    16541399,
    16722758,
    17108380,
    17506195,
    17608537,
    17923042,
    17966470,
    18251968,
    18294634,
    18297056,
    18306293,
    18494149,
    18790004,
    18928666,
    19200210,
    19216852,
    19246230,
    19284622,
    19293148,
    20170667,
    20265549,
    20315662,
    20359494,
    20662934,
    20777192,
    20959281,
    21021900,
    21086253,
    21089981,
    21312732,
    21662159,
    21889495,
    22599767,
    22941374,
    23058952,
    23228098,
    23702565,
    23731544,
    24097110,
    24194960,
    24278893,
    24640661,
    25423434,
    25430595,
    26336525,
    26979435,
    27188508,
    27268565,
    27552092,
    27767040,
    27848821,
    28462189,
    28599976,
    28964726,
    29582272,
    29919613,
    30070926,
    31933246,
    32260437,
    32301046,
    32504416,
    32589339,
    32671972,
    32856202,
    33045731,
    33926656,
    34577140,
    34638262,
    35208789,
    35421239,
    35533706,
    35646728,
    36352725,
    36748637,
    37072628,
    37073987,
    37590885,
    37770228,
    37903493,
    38499500,
    38752140,
    38904735,
    40593910,
    42803888,
    43039437,
    43183021,
    43203345,
    43575439,
    43648718,
    44064791,
    44608852,
    45521073,
    46410411,
    46877384,
    47191195,
    47276549,
    50663192,
    52050337,
    52133927,
    53031716,
    53178158,
    54818160,
    55118673,
    56646454,
    57000894,
    60553920,
    64220924,
    65281799,
    65639937,
    67351894,
    70575099,
    71366513,
    73278269,
    73600531,
    73833298,
    77253069,
    78205580,
    78425901,
    78766469,
    80181558,
    82077101,
    84310234,
    85346774,
    85411521,
    85496751,
    86388790,
    86688725,
    87535538,
    87756304,
    88296512,
    88430686,
    89617619,
    89636899,
    89724775,
    89819884,
    90214637,
    91726074,
    91864758,
    92273830,
    92546415,
    93810943,
    95196683,
    97816909,
    98892119,
    101137765,
    102060669,
    102151262,
    102302355,
    103218081,
    106812543,
    107303922,
    114579545,
    120413258,
    123141795,
    123860345,
    126884621,
    131566826,
    131722473,
    131937894,
    134233356,
    134556312,
    135053476,
    136782171,
    136786296,
    136791600,
    137693776,
    138128220,
    139663965,
    139664072,
    139977354,
    141186530,
    142323135,
    142489269,
    142574562,
    142640374,
    142896983,
    144395737,
    146177256,
    146200053,
    146401051,
    146410691,
    146593172,
    147189697,
    147758806,
    148257581,
    149891969,
    151801033,
    151841336,
    154705222,
    156711839,
    158457709,
    159858479,
    161268847,
    161534908,
    161835648,
    163033467,
    163204421,
    165765004,
    166237527,
    167994761,
    168920653,
    170520099,
    170584836,
    172535615,
    174894319,
    175094817,
    175113526,
    175244783,
    175537910,
    176162821,
    177199884,
    178067217,
    179077938,
    179414644,
    183735124,
    184378642,
    191503993,
    193155941,
    193569153,
    194045908,
    198686830,
    200027685,
    200979743,
    204676119,
    208329822,
    213367291,
    216838524,
    222164870,
    223648444,
    227344289,
    227627901,
    228292641,
    228900808,
    229041089,
    231625038,
    232385303,
    241850408,
    243381033,
    243526685,
    247139160,
    248152988,
    248475262,
    249832577,
    250109036,
    252434056,
    252500519,
    262919123,
    265844776,
    269719738,
    285894919,
    286742108,
    288095983,
    295531662,
    297017337,
    299441777,
    300360415,
    302817056,
    309265983,
    309406681,
    311176912,
    313559088,
    317743411,
    331456687,
    340677882,
    351950984,
    353860889,
    361747843,
    362866328,
    368928690,
    373670263,
    379826275,
    384857096,
    391776400,
    393779057
  ],
  [
    272672,
    958126,
    1007984,
    1734105,
    1868728,
    2744450,
    2818366,
    2904249,
    3121876,
    3965175,
    4847734,
    4940303,
    5274175,
    5457359,
    5617953,
    6037819,
    6232220,
    6347104,
    6359312,
    6441384,
    6445273,
    6538096,
    6642082,
    6660139,
    7138938,
    7628162,
    7718589,
    7809908,
    7827935,
    8114088,
    9135116,
    9494258,
    9674010,
    11106262,
    11214605,
    11786061,
    12200917,
    12747926,
    13218782,
    13723749,
    13822576,
    14041038,
    14669262,
    14697212,
    14932998,
    15118885,
    15602077,
    15951284,
    16118516,
    16346079,
    16416703,
    16491836,
    16499612,
    16807377,
    16878593,
    17107525,
    17168414,
    17246508,
    17295220,
    17610233,
    18120366,
    18357523,
    18427957,
    19263425,
    20095926,
    20118683,
    20279858,
    20689402,
    21301780,
    21514698,
    21698828,
    21862253,
    21872457,
    21930520,
    22058396,
    22605455,
    23038802,
    23233647,
    23308196,
    23512585,
    23743221,
    24082136,
    24258322,
    24629900,
    24650432,
    24678142,
    25095730,
    25231018,
    25427748,
    25449665,
    25707398,
    25744791,
    25857780,
    26691462,
    27733048,
    27832013,
    28742453,
    29375119,
    29447196,
    29498553,
    29550872,
    29687990,
    30095196,
    31247979,
    31344365,
    31629745,
    31705995,
    32101952,
    32672758,
    32907594,
    33309609,
    33902189,
    34069314,
    34782867,
    35511611,
    35636877,
    35695764,
    36138318,
    36557632,
    36627907,
    37331457,
    38010215,
    38471909,
    38720532,
    38907570,
    39275782,
    39360216,
    39452578,
    39481698,
    39567352,
    39749941,
    39834085,
    39948613,
    40295459,
    40623206,
    41592041,
    41884321,
    42330577,
    43105876,
    44097950,
    44276240,
    44761729,
    44865018,
    45861300,
    46459450,
    46865963,
    47845357,
    49408760,
    49657236,
    50184826,
    50745703,
    50899833,
    51704127,
    52147321,
    52241907,
    52447850,
    52515102,
    52937987,
    53031345,
    53372048,
    53451072,
    53713016,
    53717166,
    55764839,
    55841812,
    55916260,
    56840056,
    57328828,
    58584734,
    58653050,
    58917730,
    59432764,
    59917831,
    60315012,
    60923562,
    61869253,
    62875062,
    64255778,
    64351091,
    64599392,
    64881841,
    65027063,
    65543432,
    66150898,
    66807395,
    67057547,
    67115104,
    67140257,
    68404580,
    68578432,
    70071706,
    70287043,
    71160898,
    71566964,
    71929848,
    72052305,
    72341066,
    72576006,
    72638606,
    73279303,
    73370410,
    74197611,
    74374306,
    74398660,
    74527582,
    75693273,
    76119558,
    76294094,
    76370863,
    76836487,
    76917697,
    76926102,
    76926385,
    77685283,
    77690129,
    78167493,
    79057049,
    79318312,
    79605931,
    79736056,
    80632822,
    81819184,
    82062713,
    82285528,
    82345480,
    83426425,
    83530677,
    83778700,
    84283905,
    85561617,
    85633463,
    86040952,
    86699958,
    86849563,
    89286198,
    89859340,
    90687924,
    91481973,
    91572386,
    92054785,
    92503794,
    92889810,
    93210612,
    93752690,
    94197399,
    94290606,
    94305668,
    94409491,
    95503135,
    95803046,
    95881032,
    96443994,
    96545189,
    97144373,
    97226305,
    97433205,
    97768321,
    99235787,
    99707258,
    99817153,
    100430239,
    100839895,
    101056959,
    101809708,
    102454527,
    102653030,
    102670833,
    102870798,
    104036549,
    104045073,
    104351746,
    104487758,
    107570990,
    108780478,
    108844420,
    109250069,
    109309788,
    110099867,
    110101161,
    110129517,
    110414523,
    110421533,
    110841475,
    111620979,
    112089523,
    112939383,
    113275270,
    113427228,
    113815424,
    114132982,
    114212866,
    115060500,
    115146673,
    115536621,
    116017133,
    116203198,
    116352159,
    116527556,
    116561767,
    116653611,
    117121828,
    117668052,
    118069990,
    118336602,
    119248106,
    119328881,
    120414449,
    122387893,
    122754370,
    122789843,
    123107503,
    123842439,
    124445957,
    124509519,
    124675816,
    124873289,
    125559939,
    125582049,
    125828949,
    126852853,
    129932710,
    130181570,
    131400147,
    131769612,
    131782577,
    131792115,
    131954761,
    132073697,
    132184720,
    132616449,
    132622680,
    132814732,
    133245211,
    133283655,
    133410625,
    133591434,
    133710973,
    133771937,
    133925783,
    133933375,
    134392921,
    134573998,
    134584374,
    134733325,
    134762355,
    134817071,
    135179731,
    135487017,
    135523585,
    135727248,
    135898981,
    135970742,
    136020240,
    136285726,
    136326414,
    136404458,
    136630859,
    136782128,
    136991089,
    137350517,
    137375244,
    137496193,
    138358038,
    138403678,
    138504051,
    138654832,
    138704921,
    138792061,
    139091257,
    139151291,
    139271456,
    139660861,
    139761694,
    139842392,
    139859767,
    139866114,
    139994453,
    140039513,
    140202245,
    140295022,
    140347794,
    140521745,
    140564635,
    140601174,
    140665918,
    141071941,
    141166522,
    141540860,
    141684088,
    142202324,
    142314979,
    142401422,
    142524338,
    142680478,
    142714059,
    142786420,
    142919504,
    142978053,
    143303732,
    144471898,
    144478936,
    144625421,
    144765393,
    144784509,
    144835270,
    144865558,
    144983362,
    145092363,
    145263540,
    145371902,
    145791967,
    146245201,
    146526579,
    146797015,
    146827656,
    147224121,
    148176268,
    149198679,
    150392047,
    150530771,
    150713868,
    150972571,
    151427936,
    151546347,
    151719692,
    151841135,
    151879689,
    152005419,
    152318198,
    152323351,
    152343060,
    152730609,
    152782328,
    152790379,
    153402046,
    153655923,
    153734764,
    153957449,
    154298224,
    154338144,
    154469735,
    154756578,
    154917664,
    155108309,
    155677178,
    155785407,
    155786833,
    155860924,
    155917453,
    156174093,
    156533077,
    156551090,
    156836809,
    157196336,
    157235647,
    157550547,
    157627304,
    157806402,
    158410994,
    158499517,
    158978611,
    159650064,
    160006074,
    160168117,
    160225900,
    160794677,
    161252371,
    161300025,
    162049671,
    162195264,
    162379349,
    162917538,
    162985288,
    163691075,
    163894257,
    164012755,
    164177039,
    164205150,
    164651466,
    164732735,
    164809545,
    165781288,
    166176884,
    167518167,
    167543363,
    168102227,
    168303117,
    168876023,
    169343073,
    169404549,
    169534721,
    170314751,
    170545849,
    170611831,
    170642085,
    171210630,
    172896914,
    173758349,
    173830895,
    174300262,
    174692143,
    174902648,
    175153814,
    175472736,
    175964141,
    176317519,
    176385920,
    176733504,
    177575982,
    177950273,
    179144059,
    180189959,
    180462179,
    181896137,
    181921382,
    182325011,
    182794947,
    183314414,
    184574247,
    184763725,
    185066868,
    185524323,
    186018812,
    186125755,
    186247664,
    186437691,
    186876737,
    186953091,
    187203688,
    190465676,
    192362542,
    192404856,
    192988159,
    193172836,
    193745829,
    194121691,
    194195014,
    196977731,
    197659223,
    198702311,
    200205877,
    201350221,
    201467640,
    202035999,
    204250770,
    206119488,
    209435214,
    212387715,
    213050321,
    213174658,
    213237103,
    213483530,
    213894618,
    214674731,
    215374219,
    215497576,
    216045104,
    216671871,
    217089687,
    218126385,
    219571460,
    219779650,
    220727757,
    221340837,
    221841507,
    222329658,
    222416249,
    222818915,
    223365116,
    223549011,
    225383963,
    225763887,
    227215572,
    227486083,
    227561539,
    228628066,
    228954680,
    229667903,
    229901743,
    233597385,
    234650291,
    235247728,
    235351689,
    236671902,
    239942133,
    240642331,
    244234341,
    245568110,
    247791411,
    252716922,
    254017200,
    267542139,
    267880574,
    269467859,
    275153225,
    275572834,
    275974219,
    276110971,
    277083485,
    280374930,
    280712008,
    287986088,
    290619010,
    291532208,
    293655604,
    293658343,
    293761867,
    295160870,
    295560181,
    297303962,
    297977578,
    298510159,
    301808043,
    302738359,
    303848239,
    312553495,
    313836660,
    314755281,
    316283133,
    317615338,
    319329430,
    319343366,
    319717248,
    320010463,
    320684237,
    322133227,
    322395731,
    326087853,
    326755564,
    326960297,
    327205951,
    327956214,
    329936650,
    331352545,
    331354321,
    331659555,
    331661414,
    332016816,
    332143155,
    332193460,
    335263642,
    337334042,
    340452387,
    342550069,
    347006628,
    347362503,
    357587701,
    360089942,
    361821358,
    365945598
  ],
  [
    3688,
    9021,
    19004,
    21166,
    21308,
    33426,
    34355,
    35303,
    44530,
    53394,
    56465,
    66071,
    67954,
    78153,
    83826,
    85594,
    88076,
    88518,
    93471,
    109353,
    109825,
    128386,
    138970,
    168884,
    179407,
    189862,
    197821,
    200033,
    213627,
    215952,
    226381,
    272742,
    279987,
    281686,
    291919,
    292926,
    305430,
    305652,
    314160,
    326709,
    347779,
    365147,
    365375,
    369032,
    382053,
    418809,
    452401,
    477853,
    492834,
    496364,
    577721,
    586733,
    617595,
    621555,
    623244,
    624703,
    655617,
    661302,
    689360,
    725200,
    782843,
    885045,
    887973,
    963940,
    981374,
    982400,
    984661,
    1027837,
    1052353,
    1205636,
    1208039,
    1225469,
    1276882,
    1310169,
    1334841,
    1379453,
    1382990,
    1442576,
    1443306,
    1554549,
    1597714,
    1627730,
    1656617,
    1661641,
    1688173,
    1722003,
    1820233,
    1836308,
    1920678,
    2029274,
    2062237,
    2115290,
    2155331,
    2176897,
    2185106,
    2196098,
    2201383,
    2403181,
    2457859,
    2481123,
    2518755,
    2554796,
    2590386,
    2610815,
    2633326,
    2651090,
    2696739,
    2728826,
    2743667,
    2755101,
    2841733,
    2921079,
    2930574,
    2965611,
    3239784,
    3308247,
    3435396,
    3439875,
    3804406,
    3903786,
    3903851,
    4005451,
    4209666,
    4247698,
    4385522,
    4436775,
    4473903,
    4484022,
    4624618,
    4658291,
    5025207,
    5268761,
    5315496,
    5404603,
    5448009,
    5572134,
    5754198,
    5762334,
    5943390,
    5977769,
    6004147,
    6109300,
    6138886,
    6279042,
    6301113,
    6674028,
    6685412,
    7003171,
    7105746,
    7554483,
    7805471,
    8523643,
    8534595,
    8768476,
    8860842,
    8913975,
    9252523,
    9423045,
    9447776,
    9492994,
    9706815,
    10126980,
    10174927,
    10357782,
    10463590,
    10729037,
    10821738,
    11120722,
    11260746,
    11338169,
    11721056,
    11904485,
    12125868,
    12293955,
    12342277,
    12344873,
    12630026,
    13200361,
    13228987,
    13578535,
    13580377,
    14206049,
    14435432,
    14743779,
    15075170,
    15240553,
    15769771,
    15786487,
    15809322,
    16231272,
    16308998,
    17156310,
    17301194,
    17763740,
    18101774,
    18285948,
    18428690,
    18516521,
    18564485,
    18849178,
    18887865,
    18920506,
    18944778,
    19256925,
    20013618,
    20159396,
    20609654,
    20751409,
    20780213,
    21060472,
    21169309,
    21387791,
    21663991,
    21717004,
    21834444,
    22252027,
    22463136,
    22591234,
    22797802,
    22860301,
    23253547,
    23329122,
    23397238,
    23702994,
    23861434,
    24044813,
    24352590,
    25340758,
    26938317,
    28064706,
    28359339,
    28727177,
    29148749,
    29497347,
    30498543,
    30551729,
    30582829,
    31480257,
    32322268,
    32389079,
    32406330,
    32783854,
    32965377,
    33020770,
    33377775,
    33870403,
    34942976,
    35741931,
    35774655,
    36178980,
    36789090,
    36798424,
    36942426,
    37314252,
    37882533,
    38106316,
    38296171,
    38528865,
    38966113,
    39512280,
    39738415,
    39862058,
    40862662,
    41026314,
    41267867,
    42163258,
    42644125,
    44890008,
    44942123,
    44947453,
    45402953,
    45754767,
    47198772,
    47531207,
    48415071,
    49370756,
    49401405,
    49580671,
    50263610,
    50965260,
    51620521,
    51805740,
    52039658,
    52920695,
    53203475,
    53299452,
    53360947,
    54840270,
    55326009,
    55555459,
    55607770,
    58533990,
    58673814,
    59003028,
    59687725,
    59987750,
    60977398,
    61104094,
    62078065,
    62290289,
    63869467,
    64185741,
    64231459,
    64429922,
    64808296,
    66789992,
    67886486,
    68557730,
    68801319,
    68822883,
    70501699,
    71374153,
    71500551,
    71617761,
    72457401,
    72969819,
    73131320,
    73247982,
    75534316,
    75652797,
    77043831,
    77383672,
    79103557,
    79363587,
    80436200,
    81962126,
    82971423,
    82992600,
    83240726,
    83300097,
    83759087,
    84878271,
    86696044,
    86888149,
    87494621,
    87750157,
    87900236,
    88917927,
    89760199,
    90548711,
    91836525,
    92275058,
    92358793,
    94204359,
    94209375,
    94338909,
    94478951,
    94630210,
    94656061,
    96512563,
    96909772,
    97790562,
    97910336,
    98007641,
    98273545,
    98386434,
    99533407,
    99672498,
    103033984,
    103115186,
    103965145,
    104268005,
    104384450,
    107834709,
    109397226,
    109553063,
    110583075,
    111050929,
    112793174,
    114010859,
    114490623,
    114720604,
    115321615,
    115439345,
    116016212,
    116813743,
    117980335,
    118806297,
    122798244,
    123030934,
    123185333,
    123234207,
    124930003,
    126993241,
    127413954,
    128808611,
    129051238,
    129827610,
    131674985,
    132320813,
    132554837,
    132567937,
    133069540,
    133478433,
    133849139,
    134294565,
    136241856,
    136294864,
    136300524,
    136413970,
    136545791,
    136549169,
    136559286,
    137269354,
    137722972,
    137832846,
    137849404,
    138005471,
    138085764,
    138282800,
    138437395,
    140007095,
    140899606,
    142109547,
    142497648,
    143177320,
    143537188,
    144196522,
    144613729,
    144891919,
    144922700,
    145217920,
    145381028,
    145816396,
    145967606,
    146910017,
    147387788,
    147936694,
    148126832,
    148271249,
    150736361,
    151157894,
    151396871,
    151397786,
    151433768,
    151582813,
    151669661,
    152110693,
    152116878,
    152200615,
    152496941,
    152707255,
    153808118,
    154185530,
    154277360,
    154394855,
    154678209,
    154770498,
    154910442,
    155040089,
    155075484,
    155341032,
    155990906,
    156100199,
    156191106,
    156284405,
    156401671,
    156452042,
    157049440,
    157443316,
    157615781,
    157862611,
    157927147,
    158527662,
    158561269,
    158938161,
    159169776,
    159387666,
    159671077,
    159788566,
    160471380,
    161458189,
    166116185,
    166297436,
    167514426,
    168261951,
    168551844,
    168555019,
    168776522,
    170399413,
    171080878,
    172727185,
    173859364,
    174008177,
    174028383,
    174274815,
    174359157,
    174449288,
    176640767,
    177182827,
    178001192,
    178033556,
    178432450,
    179261433,
    179490835,
    181952698,
    184091676,
    184558303,
    187859950,
    188017866,
    188371894,
    189791911,
    189810328,
    190281960,
    190383578,
    193097676,
    194252305,
    194886635,
    195617285,
    195696074,
    197438123,
    198140987,
    199748505,
    200540554,
    202132245,
    205498310,
    205751177,
    206708369,
    208479113,
    209091769,
    210817527,
    211357508,
    211981816,
    213158676,
    213558547,
    214427790,
    216474414,
    216474634,
    217731362,
    222157799,
    222714063,
    223178585,
    223341359,
    223967776,
    224326936,
    224958677,
    225087280,
    226030410,
    226401007,
    226985459,
    227215864,
    229887729,
    230927130,
    231372090,
    232354660,
    232466119,
    234883984,
    235011204,
    240252702,
    240586242,
    240830239,
    243565728,
    245029289,
    246802284,
    246941819,
    247027205,
    247199319,
    247591282,
    248745390,
    249092746,
    249271414,
    251275735,
    251887875,
    252093647,
    252387353,
    253207217,
    253407078,
    254013622,
    254540410,
    255422706,
    255769167,
    256261395,
    256557285,
    258291085,
    258519322,
    260402671,
    260795384,
    263588731,
    265524859,
    266821827,
    268801714,
    269663797,
    269915910,
    271368765,
    272107709,
    272286027,
    272333664,
    273527911,
    274247072,
    275870057,
    277039575,
    277087842,
    277614800,
    279088608,
    280837296,
    281381118,
    283727053,
    290239142,
    293502970,
    293538236,
    293858610,
    295588145,
    296336503,
    298418092,
    298946510,
    299583488,
    303494565,
    304892312,
    307667442,
    308339800,
    308864970,
    310296780,
    315133346,
    317335067,
    319296980,
    319406474,
    320330130,
    321636489,
    322465243,
    325801486,
    325822418,
    326881903,
    327248168,
    327257533,
    327506069,
    329826115,
    332854853,
    334753456,
    335373201,
    335610772,
    335886796,
    341251978,
    347437279,
    349838045,
    351589547,
    351860040,
    352875491,
    352881378,
    353152556,
    359683142,
    361118141,
    363253791,
    366184011,
    366473334,
    371173228,
    374175626,
    378900779,
    379382935
  ],
  [
    495249,
    1591725,
    1823710,
    2308458,
    3926979,
    4468937,
    4688526,
    5204008,
    5739771,
    5820813,
    6033051,
    6050769,
    6138886,
    6434010,
    6632391,
    7560983,
    8219308,
    8372214,
    8890707,
    9279701,
    10041694,
    10098481,
    10159824,
    10225539,
    10909022,
    12259693,
    15287200,
    16406172,
    16419512,
    16461018,
    16864071,
    16933998,
    17081899,
    17908220,
    17950071,
    18403004,
    20054716,
    20211678,
    22451722,
    22695756,
    23890759,
    26336143,
    27477068,
    28689879,
    29350756,
    30209656,
    30500738,
    31859964,
    33585057,
    36464050,
    39756191,
    40756362,
    40842912,
    42181484,
    44316819,
    48155135,
    50329089,
    50398269,
    53911565,
    54391120,
    59047531,
    65594127,
    68987872,
    70981497,
    72080139,
    81142198,
    84003770,
    84278937,
    84836798,
    90186104,
    107005622,
    118916535,
    120523867,
    123805199,
    126591495,
    133338450,
    135230397,
    135344425,
    139663789,
    143880010,
    144759597,
    146031362,
    157253952,
    159060055,
    161649829,
    163174655,
    166180247,
    167541748,
    169269730,
    170022399,
    198761875,
    211259696,
    215500914,
    216450242,
    220774887,
    222252628,
    240492418,
    242404003,
    247584368,
    260684926,
    272177907,
    283727053,
    298577394,
    299869558,
    320132424,
    326860789,
    352134902,
    355360351,
    356009789
  ],
  [
    60211,
    200593,
    508053,
    708482,
    1443384,
    2153879,
    3208048,
    3617387,
    4368881,
    4456869,
    6711530,
    21462759,
    37091505,
    49420589,
    62210795,
    62811845,
    67160727,
    135545672,
    154644184,
    155909735,
    159514108,
    169574728,
    173059402,
    176114054,
    178185732,
    178466226,
    180446341,
    183189297,
    184157270,
    192943317,
    208055401
  ],
  [
    106278,
    116379,
    201649,
    283014,
    866865,
    1021746,
    1991197,
    2671956,
    2695557,
    3202846,
    3785821,
    3999876,
    4698978,
    5159557,
    5622829,
    5672718,
    5970545,
    7232038,
    8229598,
    8460825,
    8473882,
    8527235,
    9310754,
    9693509,
    9815342,
    10843905,
    11039439,
    11044346,
    11279009,
    11469684,
    11495360,
    11539986,
    11698464,
    12208911,
    12326280,
    15032670,
    20551429,
    27297217,
    29055157
  ],
  []
]