[
  [
    132701,
    915387,
    1050557,
    1553830,
    1669825,
    1940026,
    2094033,
    2390128,
    3923479,
    4933984,
    6105012,
    10452425,
    10517304,
    11852529,
    12129879,
    13749720,
    18648331,
    22182825,
    22548544,
    25859636,
    26285156,
    26962200,
    35025731,
    35814805,
    36857884,
    38080219,
    39947413,
    41012660,
    42176987,
    50128365,
    59497278,
    76903258,
    85936092,
    90261254,
    93976720,
    96253464,
    97555045,
    103984851,
    107439696,
    107444327,
    119279573,
    120978267,
    128369148,
    141860941,
    142112776,
    151800267,
    151818626,
    153842166,
    157960307,
    159414952,
    160692329,
    166101138,
    181505789,
    206725426,
    207369614,
    213082660,
    226517354,
    237549048,
    256393767,
    269127372,
    275369924,
    281413792,
    283896679,
    286922002,
    287475882,
    290756978,
    294103530,
    317018056,
    318546966,
    318683406,
    319032096,
    320004823,
    321973286,
    335422967,
    338496458,
    341944140,
    342850197,
    350013526,
    396695824,
    401336540,
    401915870
  ],
  [
    23432,
    111287,
    285097,
    605395,
    703009,
    1276102,
    1393823,
    1780877,
    1855198,
    1973433,
    2142901,
    4092344,
    5189991,
    5279620,
    5323151,
    6876931,
    7162148,
    7166425,
    7429394,
    7535053,
    7561810,
    7784684,
    7866943,
    8170679,
    8406823,
    8418728,
    9165045,
    9768036,
    10130667,
    10237271,
    10269257,
    10276413,
    10351854,
    11417008,
    11435547,
    11442602,
    11601539,
    14449983,
    15595094,
    15780405,
    16380793,
    16420450,
    18648331,
    19466332,
    19835535,
    20557412,
    20627577,
    22182825,
    22548544,
    22696410,
    22761584,
    22866065,
    22896151,
    24684621,
    25921505,
    26243683,
    27602379,
    29573938,
    33357366,
    33432496,
    33682983,
    35503225,
    37881700,
    39908367,
    40130367,
    40161489,
    40418814,
    41164648,
    42364461,
    43447847,
    46107915,
    48250942,
    49033330,
    50174221,
    53292685,
    53924393,
    54686678,
    54718636,
    56557351,
    59966292,
    62066237,
    63908870,
    64200134,
    64720957,
    64755626,
    65909493,
    67382099,
    67385697,
    70447136,
    73551710,
    74476955,
    75652797,
    75788531,
    78852473,
    80124397,
    82522944,
    82993047,
    85204018,
    85614933,
    86549592,
    86883552,
    87270606,
    89612745,
    89792392,
    95736184,
    95863409,
    95940010,
    96036390,
    97276138,
    98291939,
    98446384,
    102886186,
    103081282,
    104024161,
    104042876,
    104934748,
    109502364,
    111400766,
    113141972,
    113198392,
    114119394,
    114720604,
    132196243,
    140016419,
    141135705,
    146808180,
    146835612,
    152648150,
    156183021,
    156420390,
    156539556,
    160082715,
    162289636,
    165103181,
    165174449,
    166226490,
    170559998,
    175021219,
    178307194,
    183800625,
    188019579,
    188175777,
    199136988,
    204631105,
    205270704,
    205925863,
    208809607,
    209119289,
    210084749,
    212970855,
    213733697,
    214140337,
    214630179,
    222631696,
    225753699,
    227586982,
    228274438,
    243744255,
    246865309,
    256759084,
    260028109,
    261357349,
    271748930,
    279339159,
    281700217,
    284359496,
    284758510,
    304800017,
    315510148,
    330972530,
    342524919,
    352613743,
    376601017,
    381484123,
    400769084,
    408552860
  ],
  [
    30687,
    30840,
    31463,
    39628,
    48276,
    54781,
    56477,
    87401,
    104059,
    108928,
    131237,
    141693,
    145719,
    157069,
    166231,
    185927,
    212126,
    217924,
    246955,
    277408,
    277927,
    280551,
    288107,
    370153,
    379974,
    386061,
    419447,
    433144,
    497455,
    556179,
    581214,
    600196,
    601560,
    602533,
    646704,
    680322,
    681590,
    702245,
    725822,
    758226,
    800587,
    823612,
    835951,
    859675,
    998365,
    1006184,
    1024241,
    1028722,
    1119672,
    1176534,
    1252197,
    1295525,
    1317104,
    1355678,
    1393823,
    1485689,
    1586799,
    1593744,
    1665228,
    1672798,
    1775221,
    1817592,
    1888791,
    1941708,
    1970064,
    2050494,
    2106053,
    2147182,
    2211386,
    2225757,
    2303729,
    2337712,
    2343078,
    2441243,
    2474765,
    2649722,
    2672156,
    2840128,
    2903829,
    2922695,
    2930101,
    2981712,
    3082391,
    3082723,
    3087385,
    3152729,
    3341195,
    3394912,
    3425522,
    3542472,
    3753876,
    3776903,
    4070681,
    4191366,
    4196033,
    4197779,
    4218216,
    4264062,
    4299326,
    4647621,
    4725691,
    4834898,
    5131899,
    5325534,
    5396701,
    5420510,
    5454084,
    5568921,
    5578821,
    5657205,
    5725418,
    5847999,
    5882825,
    6148881,
    6385495,
    6440078,
    6639560,
    6640458,
    6724855,
    6876931,
    6950006,
    6958022,
    7134417,
    7296666,
    7321697,
    7520366,
    7563375,
    7629382,
    7702545,
    7740675,
    7741908,
    7784684,
    7974006,
    8010623,
    8141358,
    8437005,
    8546896,
    8548968,
    8655807,
    8720509,
    8769738,
    8865825,
    8965233,
    9165223,
    9219450,
    9225106,
    9298341,
    9359098,
    9365837,
    9371575,
    9851039,
    9888934,
    9934882,
    10070864,
    10334823,
    10523928,
    10814850,
    10886204,
    11023305,
    11041802,
    11104219,
    11154004,
    11195615,
    11274083,
    11436296,
    11488531,
    11501854,
    11536650,
    11616563,
    11646418,
    11666006,
    11771996,
    11970213,
    12086666,
    12288912,
    12302719,
    12347574,
    12504904,
    12659734,
    12735345,
    12897104,
    12919562,
    13056401,
    13696380,
    13794933,
    13826150,
    13877225,
    13890981,
    13941044,
    14137816,
    14499515,
    14735183,
    14891575,
    14918627,
    14918894,
    15198087,
    15401111,
    15423753,
    15552699,
    15684441,
    15698189,
    15844010,
    16017446,
    16144412,
    16178757,
    16188796,
    16380793,
    16442954,
    16599665,
    16673241,
    16823936,
    16944952,
    17028688,
    17178602,
    17366895,
    17513099,
    17519606,
    17748412,
    17804250,
    17812353,
    17885373,
    17894860,
    17898851,
    17903011,
    18101058,
    18167740,
    18214026,
    18243314,
    18326334,
    18372867,
    18535227,
    18648331,
    18753234,
    18758552,
    18828815,
    18925178,
    19099769,
    19489734,
    19565389,
    19624570,
    19920017,
    20018555,
    20028562,
    20066637,
    20369019,
    20882298,
    21321954,
    21348379,
    21574643,
    21757994,
    21919988,
    22161069,
    22360830,
    22366986,
    22390323,
    22419020,
    22526962,
    22548544,
    22711653,
    22788320,
    22826058,
    23050726,
    23163011,
    23254717,
    23404557,
    23505685,
    23918845,
    24214267,
    25266549,
    25293138,
    25346218,
    25471876,
    25546577,
    25703482,
    25960101,
    25969762,
    26058323,
    26243683,
    27113284,
    27467515,
    27478315,
    27533205,
    27832610,
    28713474,
    28862816,
    28903042,
    29075663,
    30600875,
    30607301,
    30895870,
    31300345,
    31913858,
    32140520,
    32419590,
    32632075,
    32891729,
    32914245,
    32968853,
    33001235,
    33595626,
    33608329,
    33782485,
    34149461,
    34573324,
    34735759,
    34930389,
    34950902,
    35132293,
    35321229,
    35515054,
    35637990,
    35697835,
    35862231,
    36491801,
    36569828,
    36799031,
    36857884,
    37172183,
    37282924,
    37665709,
    37881700,
    38196460,
    38576377,
    39616363,
    40130367,
    40160660,
    40375312,
    40766000,
    41112676,
    41497273,
    41814275,
    42010421,
    42063645,
    42176987,
    42942001,
    43049486,
    43594301,
    44230642,
    44822496,
    44906532,
    46093372,
    46251783,
    46463493,
    46492428,
    46982014,
    47238239,
    47799986,
    48028952,
    48160184,
    48250942,
    48690987,
    49033330,
    49462409,
    49568685,
    49582369,
    49774300,
    50125185,
    50128365,
    51070314,
    52055078,
    52334966,
    52419938,
    52699639,
    52941674,
    53197266,
    53925362,
    54092632,
    54697431,
    54713711,
    54805350,
    55076795,
    55793194,
    58051681,
    58130678,
    58619819,
    58689806,
    59175202,
    59185961,
    61545142,
    61562400,
    61774758,
    61861641,
    62725567,
    63087884,
    63561134,
    64358762,
    64377270,
    65684823,
    65755770,
    66161845,
    66164377,
    67569498,
    67629573,
    67726419,
    67757501,
    68490279,
    68508114,
    68517081,
    68538365,
    68600074,
    68648231,
    69915022,
    70211605,
    70682962,
    71899479,
    72036097,
    72085672,
    73022150,
    73278269,
    74331878,
    75780284,
    75852903,
    76009036,
    76198235,
    77502466,
    80605056,
    80711464,
    80725137,
    81222581,
    81451490,
    81681113,
    82313741,
    83517408,
    83575685,
    85081120,
    86017982,
    86605670,
    89269344,
    89662566,
    89872395,
    89974597,
    90293118,
    90578555,
    92112177,
    92232549,
    93815861,
    93867543,
    93976720,
    94665163,
    94754022,
    95058998,
    95945711,
    96572234,
    97450820,
    98291939,
    99352148,
    99862761,
    102441116,
    102624840,
    102886186,
    103061492,
    103090276,
    104067427,
    105167659,
    105917107,
    106328990,
    106353067,
    108052417,
    108588498,
    110539894,
    111376406,
    112498659,
    113424181,
    113719336,
    114278301,
    114539011,
    114548731,
    114566395,
    115197236,
    115849402,
    117057737,
    118022084,
    118649194,
    119183036,
    119192261,
    119261808,
    121811222,
    122311880,
    122946426,
    123721776,
    126625495,
    127993738,
    130657534,
    130831516,
    131647869,
    131801434,
    132362414,
    133864698,
    134061385,
    134128487,
    134186035,
    134608291,
    134783917,
    134797089,
    135764090,
    136123271,
    136937365,
    137969148,
    138520838,
    138675424,
    139013548,
    140036519,
    140102163,
    140343570,
    140511859,
    140822770,
    140950830,
    141181376,
    142548480,
    143403926,
    143777421,
    144798757,
    144960844,
    145014693,
    145663526,
    146458162,
    146808180,
    148148247,
    149266377,
    150757985,
    151601477,
    151983320,
    152138950,
    152302116,
    152783951,
    153409287,
    153647155,
    153994590,
    155096846,
    155097027,
    155952793,
    156264446,
    156357106,
    156841011,
    157967213,
    158613615,
    158850131,
    160358791,
    160968576,
    161658079,
    161738642,
    162252806,
    162289636,
    163199910,
    163862212,
    165775902,
    166096721,
    166101138,
    166646848,
    166985873,
    167026890,
    167050726,
    167549429,
    168413227,
    169219219,
    169499603,
    172966457,
    174008177,
    175021219,
    175946726,
    176519017,
    178307194,
    178322181,
    180327717,
    180633829,
    182169585,
    182543826,
    183072432,
    183765176,
    184981676,
    188056121,
    188705600,
    189426931,
    190360260,
    192465960,
    192597607,
    193947970,
    194269425,
    195330051,
    195989255,
    196910893,
    199639831,
    199773980,
    200305142,
    202108922,
    202421271,
    204001488,
    205373565,
    206370206,
    207347377,
    208200636,
    209309560,
    210444240,
    211160758,
    211261134,
    211933237,
    212636194,
    213375638,
    215481661,
    217801036,
    219171916,
    224980854,
    225426347,
    229708482,
    230185665,
    232538243,
    234364789,
    236335342,
    238471470,
    239588030,
    240582695,
    241653947,
    241698710,
    244684679,
    245184348,
    245459554,
    245702113,
    246530844,
    248127721,
    248814996,
    250330856,
    254889136,
    257447541,
    259829098,
    262150618,
    263436505,
    263835060,
    265849231,
    265991174,
    267350593,
    267697504,
    267833580,
    269013260,
    270435397,
    271532267,
    272814771,
    278380357,
    278810456,
    280361720,
    280436258,
    282517780,
    284042320,
    285207122,
    287475882,
    288115255,
    288622858,
    291490245,
    292203797,
    293336814,
    297337605,
    297623464,
    298616279,
    299892552,
    300299078,
    301031272,
    301219339,
    301556038,
    305162077,
    306758416,
    311755186,
    313006361,
    321279624,
    321950403,
    324502289,
    329044983,
    329052573,
    334735406,
    337263980,
    337831813,
    347819517,
    351887886,
    352460173,
    353275457,
    355752839,
    371466852,
    381561102
  ],
  [
    147864,
    152177,
    174386,
    194018,
    220255,
    230767,
    255940,
    259885,
    278413,
    285612,
    295725,
    360776,
    373703,
    419425,
    436618,
    447966,
    455023,
    484059,
    493187,
    518128,
    536466,
    553467,
    630714,
    647146,
    665990,
    870784,
    938111,
    988462,
    1009273,
    1013867,
    1080180,
    1148278,
    1205545,
    1322076,
    1491735,
    1547532,
    1587621,
    1673473,
    1695240,
    1748893,
    1846854,
    1859136,
    1916963,
    1959487,
    1976473,
    1988074,
    2005776,
    2059758,
    2144357,
    2375892,
    2487540,
    2574898,
    2581689,
    2676703,
    2699421,
    3008720,
    3065386,
    3065455,
    3156227,
    3229212,
    3264973,
    3281039,
    3302264,
    3369026,
    3413040,
    3448156,
    3685323,
    3843631,
    4424810,
    4553273,
    4700031,
    5055478,
    5058315,
    5166252,
    5201934,
    5284967,
    5325534,
    5476882,
    5783321,
    6102572,
    6171498,
    6286923,
    6290738,
    6313948,
    6392631,
    6562706,
    6834552,
    6876931,
    7148238,
    7563375,
    7613877,
    7665494,
    7865081,
    7866897,
    7973851,
    8141671,
    8804091,
    9339584,
    9696143,
    9733646,
    9851039,
    10126774,
    10577529,
    10770245,
    11493174,
    11547527,
    11984424,
    12536473,
    13234266,
    13338601,
    13877225,
    13942032,
    14806021,
    15384005,
    15698779,
    15828527,
    16346318,
    16380793,
    16650490,
    16908253,
    16917289,
    18274257,
    18305841,
    18588108,
    18648331,
    18821235,
    19272464,
    20794170,
    22092805,
    22245756,
    22535266,
    22548544,
    22761584,
    23392674,
    23411713,
    24875686,
    25703482,
    26082763,
    26243683,
    26914210,
    29505082,
    30616119,
    31077310,
    31613933,
    31844221,
    31883161,
    33613646,
    35433662,
    35659320,
    36249226,
    36857884,
    38075387,
    38619824,
    40442333,
    40465454,
    42512394,
    44825268,
    45639737,
    48537764,
    48571303,
    49033330,
    50303714,
    50885561,
    54805350,
    55716296,
    58864897,
    59693913,
    61365547,
    69325844,
    70868333,
    73454242,
    74851432,
    75574545,
    75692721,
    85081120,
    90772811,
    91796571,
    91996329,
    92280951,
    92560506,
    93877777,
    101841717,
    105030374,
    114046386,
    117216885,
    122767372,
    123651969,
    123775623,
    127062459,
    132858542,
    134210067,
    134409350,
    138195855,
    138396519,
    139029794,
    145694316,
    147489820,
    150955389,
    151852757,
    155281028,
    165275652,
    166101138,
    168172615,
    171154657,
    175352649,
    195766592,
    216105431,
    216760777,
    220279418,
    225535498,
    227253220,
    238622764,
    239792853,
    243758091,
    246438510,
    251387133,
    258798437,
    266664144,
    287475882,
    305799596,
    315413085,
    321335172,
    379714371
  ],
  [
    373274,
    433144,
    596881,
    683169,
    959693,
    1045964,
    1122303,
    1216815,
    1274416,
    1338661,
    1393823,
    1443654,
    1596808,
    1706154,
    1799374,
    1844869,
    1858487,
    2031644,
    2048860,
    2554006,
    2555282,
    2649722,
    2869904,
    2895146,
    2930101,
    3672193,
    3697653,
    4022407,
    4097592,
    4492647,
    4712508,
    4758509,
    4761982,
    5099297,
    5325534,
    5783183,
    5830383,
    5889422,
    6515767,
    6558967,
    6646188,
    6876931,
    7563375,
    7866897,
    8769738,
    8783275,
    8805755,
    9032290,
    9171703,
    9185477,
    9310183,
    9371575,
    9462097,
    9851039,
    9914390,
    10126774,
    10261532,
    10391068,
    10481255,
    10505684,
    11023305,
    11305206,
    11450788,
    11571663,
    11811046,
    11870147,
    12380353,
    12592943,
    13466850,
    13973900,
    14918894,
    15401693,
    16048436,
    16058386,
    16380793,
    16412122,
    16450404,
    17390333,
    18020496,
    18167740,
    18586495,
    18782617,
    19162704,
    19300356,
    19615349,
    19640320,
    20031995,
    21167465,
    21722590,
    22245756,
    22548544,
    22761584,
    22929645,
    23801140,
    24443014,
    24804843,
    24875686,
    25471876,
    25610781,
    25703482,
    26082763,
    26132811,
    26243683,
    27338078,
    27529839,
    28358620,
    29839039,
    29860165,
    31275887,
    31377505,
    31863377,
    31980838,
    32491206,
    33613646,
    36857884,
    37452234,
    40442333,
    40465454,
    41483712,
    41769092,
    43447847,
    43540729,
    43854444,
    43934823,
    44150820,
    44327248,
    44517569,
    46345693,
    48690987,
    48875645,
    49033330,
    49568685,
    50326040,
    50417367,
    50677839,
    51629670,
    52533187,
    52699639,
    52919018,
    54805350,
    54813793,
    54839120,
    56321993,
    56888153,
    57705999,
    58608889,
    58677745,
    58694653,
    59119817,
    61938665,
    62370420,
    63683791,
    66261337,
    66937447,
    67619361,
    70447963,
    72361441,
    72824426,
    73679400,
    73748754,
    75811757,
    79500791,
    84914107,
    85081120,
    85428001,
    85777445,
    86262501,
    87757169,
    88489449,
    89794141,
    90410608,
    95834517,
    98291939,
    101761801,
    102886186,
    103820290,
    110915913,
    111346035,
    111686572,
    114295054,
    116730123,
    118999956,
    124604341,
    126197573,
    128560833,
    132293427,
    132853621,
    133864698,
    134267312,
    135443016,
    137451107,
    138063846,
    138162203,
    138729516,
    139244490,
    140691509,
    141027727,
    145702215,
    146240449,
    147872237,
    150039654,
    152302116,
    152918688,
    153893887,
    157738406,
    158484364,
    160117946,
    160358791,
    166101138,
    169733905,
    169827691,
    170141927,
    176247924,
    176335717,
    176440931,
    177948863,
    178207706,
    179422365,
    180194561,
    182470739,
    183088208,
    186554397,
    188240130,
    190355643,
    202152449,
    210444240,
    211261134,
    213375638,
    216105431,
    225426347,
    231290977,
    231521040,
    252398039,
    263099133,
    264624677,
    275275096,
    287475882,
    287590342,
    289515454,
    295323873,
    295417819,
    300830081,
    301556038,
    311312121,
    311877914,
    326758006,
    329015025,
    330882640,
    341188227,
    343542926,
    346105867,
    346259323,
    349388502
  ],
  [
    22647958,
    38863129,
    56765455,
    72154886,
    90854484,
    101018262,
    103094556,
    114472364,
    133822037,
    134748575,
    135102392,
    135268775,
    139114549,
    139795563,
    144584943,
    145950774,
    153688064,
    153864956,
    156562121,
    161222067,
    162591298,
    182898215,
    186107955,
    206368810,
    207746577,
    212574614,
    223581264,
    227425402,
    229679059,
    301441065,
    348808047,
    363495607,
    367656360,
    374718330,
    384591015,
    398173763,
    400385508,
    403864555
  ],
  [
    212126,
    332465,
    2311379,
    2430816,
    3139288,
    5492487,
    8004084,
    21537033,
    25715029,
    33837184,
    35981174,
    41164648,
    43848946,
    95173004,
    103187876,
    110062028,
    116224837,
    121857492,
    135536609,
    147647330,
    152449415,
    152648150,
    153419784,
    156860625,
    172072406,
    180591187,
    188626467,
    202419016,
    205460557,
    206068638,
    206209383,
    207352577,
    207616159,
    213447757,
    213510293,
    214893990,
    214992525,
    236651510,
    237793166,
    239288276,
    241489565,
    245091051,
    247687547,
    247761249,
    262869221,
    271708895,
    287564275,
    315263650,
    345120861,
    367895870,
    379002238,
    386464025
  ],
  [
    649516,
    672462,
    759479,
    936008,
    4422900,
    5095623,
    16872486,
    21838241,
    23419002,
    25043410,
    33064397,
    35728282,
    47511228,
    71378135,
    75485106,
    96563156,
    122902181,
    136713616,
    158349575,
    188988802,
    222784577
  ],
  [
    158743,
    355378,
    447937,
    802176,
    1393823,
    1587382,
    1747618,
    2930101,
    3213572,
    4572854,
    7289184,
    8053151,
    8178673,
    9874281,
    11431182,
    12433983,
    12669799,
    16774730,
    17638586,
    18030255,
    19913849,
    21140482,
    21168367,
    25380611,
    25703482,
    28074566,
    37152503,
    39512358,
    43621006,
    51360621,
    55350901,
    55521397,
    73934219,
    83649948,
    95119370,
    95176872,
    96903532,
    98010869,
    101134448,
    102213301,
    104820489,
    105136372,
    117163205,
    125327870,
    136019890,
    140400564,
    143393335,
    145218192,
    147656101,
    151373423,
    159523566,
    160951855,
    169822842,
    174409306,
    174681922,
    178307194,
    181966126,
    182741977,
    186231620,
    186526624,
    196022387,
    196884193,
    203729578,
    209610155,
    219047603,
    225180792,
    239722397,
    269744222,
    277902053,
    299099379,
    304318642,
    337616190,
    357121723,
    360446121,
    375297109
  ],
  [
    7863799,
    31474274,
    37795836,
    64482644,
    68556888,
    75886013,
    83156459,
    85215524,
    93255080,
    94695632,
    98349146,
    99052362,
    99691936,
    100811008,
    109721524,
    112817075,
    118710650,
    123129183,
    126488800,
    129012458,
    133897015,
    138284819,
    138348515,
    138534606,
    139872093,
    141991205,
    143422311,
    143442871,
    143623142,
    143769650,
    146187230,
    150346846,
    151749579,
    152288325,
    152458888,
    155245841,
    155692118,
    155706043,
    156373696,
    156511172,
    156709719,
    157074789,
    157359379,
    158023381,
    158230463,
    158272970,
    159493885,
    160060820,
    160322036,
    161377214,
    161810725,
    162289278,
    162581936,
    162766032,
    162832311,
    162927335,
    163077721,
    165269027,
    166334593,
    167817810,
    168308510,
    168800689,
    168821183,
    168856370,
    169053717,
    169961227,
    170044767,
    171050203,
    172613937,
    173569234,
    173884459,
    175175346,
    175345868,
    175484956,
    175718129,
    175861270,
    176093584,
    176352365,
    177305534,
    177469506,
    177736835,
    178507547,
    178947605,
    178973056,
    179476633,
    179647443,
    179971253,
    180042029,
    180300580,
    180311202,
    180380460,
    180384547,
    180671873,
    180707590,
    180839940,
    180935823,
    181245995,
    182201717,
    183284821,
    185148346
  ],
  [
    1048995,
    1110109,
    2245941,
    7251066,
    40130367,
    43351304,
    53684165,
    53763876,
    61976324,
    73881451,
    77289928,
    93068407,
    100482350,
    107355488,
    115240468,
    118763044,
    130558009,
    135776258,
    136923606,
    148238453,
    150665517,
    151891094,
    155846428,
    158798570,
    163392083,
    163540508,
    163877186,
    164380911,
    166366964,
    166622946,
    166709024,
    167540457,
    168502583,
    169110424,
    171697157,
    171879601,
    172243490,
    173903908,
    174591298,
    176132378,
    177983203,
    179744938,
    181380688,
    181783279,
    181910823,
    182129351,
    186429519,
    188627987,
    192134443,
    194362071,
    199353680,
    200704141,
    202817793,
    204507098,
    205160104,
    205480612,
    206378487,
    210305352,
    211496950,
    214177404,
    217490078,
    219056651,
    220287702,
    220588767,
    222243602,
    223625088,
    224875531,
    224951161,
    225192219,
    225531579,
    225780637,
    226262540,
    226812964,
    228177079,
    228827388,
    230475809,
    232141073,
    234190483,
    236052159,
    238572216,
    239479836,
    239772346,
    240212614,
    241031017,
    241880733,
    243435156,
    247437151,
    248136633,
    250147474,
    250504130,
    251000002,
    251534862,
    253013079,
    253644302,
    259541888,
    261131945,
    266914208,
    268593197,
    268867102,
    273030219,
    273198879,
    273854942,
    276267554,
    276860324,
    278848390,
    281129603,
    281799456,
    281831171,
    282754587,
    290816939,
    290828372,
    292776214,
    293371739,
    294534437,
    296550461,
    297061410,
    299512146,
    299730731,
    300122783,
    302660247,
    305996432,
    310287269,
    312448062,
    313176544,
    315303800,
    317256609,
    318466227,
    320765181,
    321054574,
    326279653,
    328096131,
    328674573,
    330910686,
    331683058,
    331724675,
    333555109,
    334215934,
    339450135,
    341343089,
    341351017,
    341668435,
    342298943,
    347997380,
    352267483,
    358723690,
    358835303,
    365246456,
    366557241,
    370769390,
    373674813,
    374868415,
    375765219,
    380838770,
    386125926,
    387727232,
    388723601,
    390006172,
    393516751,
    393906807,
    408767199
  ],
  [
    154419,
    838940,
    1207754,
    2217468,
    3183479,
    3518331,
    3546804,
    4289659,
    4512555,
    6250002,
    7014151,
    8134368,
    9522267,
    9960055,
    10324369,
    12604444,
    14608551,
    15860514,
    16324248,
    16360692,
    17392410,
    20950807,
    23668637,
    25598435,
    27304653,
    30097863,
    31546436,
    31761468,
    31807345,
    33405896,
    39123792,
    42281122,
    44618683,
    45699920,
    45774217,
    49596242,
    50025007,
    53244896,
    64140309,
    70682692,
    70709930,
    74099055,
    77300813,
    83265672,
    83463286,
    86198344,
    86809804,
    88150584,
    88868688,
    89445188,
    94245775,
    95167053,
    95173004,
    95203571,
    97970320,
    100077474,
    100214928,
    102857943,
    105204662,
    105525088,
    107031043,
    108199945,
    112021535,
    114273044,
    116219652,
    119704922,
    128895337,
    129705249,
    131719372,
    131748195,
    131771596,
    133808154,
    134071924,
    134300405,
    136359480,
    136359605,
    138108984,
    138617225,
    139569243,
    139741604,
    140526606,
    140659444,
    141656368,
    142088156,
    142123515,
    142123635,
    143368597,
    144147803,
    144258332,
    144488975,
    144983508,
    145300813,
    145501813,
    145611353,
    147549706,
    149577255,
    150450261,
    150459033,
    151864648,
    152824076,
    153533433,
    154705933,
    154846103,
    155112693,
    155478880,
    156393843,
    157095222,
    157398855,
    158465354,
    159225315,
    160951830,
    161856301,
    162468897,
    162804563,
    162949217,
    163331784,
    164210244,
    164613713,
    164944641,
    165625963,
    166762675,
    167634931,
    167927072,
    168758582,
    169750783,
    170271866,
    170559998,
    170866713,
    171134918,
    173998370,
    174361853,
    174541662,
    174636524,
    176263017,
    176488930,
    179018802,
    179270970,
    180409112,
    180848108,
    181478291,
    181547764,
    182329468,
    182404975,
    183318694,
    184143415,
    187198589,
    188437654,
    189159181,
    189226639,
    189514014,
    189710135,
    190355200,
    191674624,
    192485526,
    194308472,
    195526240,
    201156471,
    201209842,
    203390362,
    205863438,
    206739653,
    207672007,
    208461466,
    210234827,
    210275236,
    211864009,
    213042043,
    216620858,
    217780634,
    218038809,
    221183094,
    221869683,
    224890326,
    224978240,
    227454331,
    228892827,
    231422730,
    231627513,
    232688808,
    233704555,
    234118676,
    234623035,
    236160813,
    239476334,
    239499854,
    240249891,
    240737121,
    243296631,
    244912648,
    245279654,
    246229826,
    246962710,
    249194343,
    250168852,
    250340378,
    251074968,
    252864115,
    256399282,
    257781641,
    258272598,
    258498270,
    259931750,
    260744795,
    263597770,
    264088682,
    266764444,
    267205690,
    267331575,
    269771138,
    271269721,
    272120018,
    274610954,
    274828332,
    275212914,
    276471686,
    276523929,
    282617227,
    283752557,
    287771568,
    290234068,
    292030891,
    293507576,
    298453047,
    299815332,
    300239183,
    300478183,
    309544735,
    310452810,
    317468040,
    317996299,
    320789470,
    320847495,
    321979893,
    323271663,
    324170210,
    324919191,
    326971202,
    327559925,
    328100546,
    329242373,
    329785331,
    331257543,
    331434021,
    334567776,
    334909390,
    335808049,
    341188220,
    347833419,
    348633956,
    353308962,
    353917488,
    361832558,
    363108561,
    364500952,
    364925912,
    366839918,
    367444175,
    373851532,
    389334919,
    395885534,
    407823354
  ],
  [
    1739814,
    10959280,
    12504904,
    14918894,
    18648331,
    20321813,
    29445074,
    30925351,
    32650992,
    33270895,
    54805350,
    63382340,
    77984502,
    91565363,
    91739132,
    96354611,
    101840102,
    106050258,
    140533038,
    140661463,
    144651895,
    169822302
  ],
  [
    4462548,
    5873720,
    5901465,
    6880147,
    7162148,
    8795203,
    14310560,
    14509671,
    14734496,
    17377667,
    17487164,
    17525031,
    20625369,
    21498191,
    21777952,
    21849970,
    22311593,
    22686058,
    25058959,
    25633855,
    27300777,
    29241544,
    29573938,
    29898510,
    30414618,
    30486712,
    30741077,
    32071157,
    35700855,
    35932639,
    44243936,
    44531780,
    45153942,
    47409032,
    47912930,
    52856821,
    54396041,
    55788815,
    57216972,
    57313076,
    58520767,
    60453591,
    61898956,
    66194526,
    66434697,
    67250993,
    67304993,
    67385697,
    68552515,
    69089090,
    70447136,
    71940806,
    72545711,
    72719429,
    73032418,
    74228516,
    75683642,
    77026386,
    77488633,
    77624685,
    77866400,
    77867860,
    78350891,
    78446418,
    81244594,
    81698930,
    82322536,
    82522944,
    83050649,
    83499452,
    83762382,
    84929878,
    85387622,
    86188171,
    86867476,
    86907300,
    86919004,
    86991153,
    87865927,
    88323002,
    89341451,
    89777723,
    89804574,
    89838075,
    91553855,
    91804764,
    92289589,
    92794688,
    94898066,
    94908900,
    94971731,
    96239491,
    96519890,
    98785012,
    99349029,
    99498840,
    101233720,
    101314965,
    102724940,
    103081282,
    103141698,
    105092592,
    105159040,
    106359380,
    106598274,
    106847202,
    106855116,
    106927879,
    106931754,
    106935584,
    109009085,
    109832926,
    110120164,
    110397642,
    110806955,
    113141972,
    114119394,
    114914212,
    115293291,
    115824715,
    116173672,
    118591450,
    118677865,
    118734200,
    121066262,
    121463596,
    121542788,
    122034205,
    122042556,
    125391571,
    126408278,
    127819810,
    131898443,
    133864698,
    137706342,
    139212770,
    158703528
  ],
  [
    57991,
    127748,
    179226,
    406484,
    1829127,
    1972639,
    3741354,
    5249890,
    8795203,
    9473551,
    10015045,
    10235255,
    13810625,
    14882902,
    15823900,
    18157404,
    19224087,
    19914298,
    22378485,
    22794240,
    26536503,
    27334300,
    32761996,
    36329774,
    40135690,
    45944344,
    50427737,
    53206056,
    57142150,
    62041782,
    66756496,
    67086894,
    71762986,
    73907919,
    75144605,
    75327692,
    82187616,
    92369272,
    92467007,
    98278055,
    105194691,
    121039375,
    150843225,
    154806965,
    155856352,
    157205188,
    158205954,
    159970636,
    165645101,
    181035293,
    183154854,
    205828590,
    222809788,
    229544047,
    243402166,
    246082111,
    292448685,
    344364490
  ],
  [
    433144,
    649516,
    672462,
    936008,
    2930101,
    4422900,
    5095623,
    5331662,
    5604451,
    6565085,
    7563375,
    7850789,
    8582749,
    9851039,
    10239483,
    12530684,
    12894302,
    14725317,
    17121564,
    17377876,
    18216472,
    20443734,
    20926620,
    21838241,
    21908286,
    22005817,
    22147027,
    32370615,
    33064397,
    34841568,
    35476542,
    40131173,
    43338974,
    48419224,
    86210843,
    138720707,
    139743391,
    152777479,
    155824488,
    157261177,
    167625721
  ],
  [
    212126,
    365078,
    433144,
    1393823,
    1537373,
    1546488,
    2391687,
    2832886,
    2882598,
    3763604,
    4530429,
    4817446,
    5584802,
    5738207,
    6088445,
    6095308,
    6325041,
    10622862,
    11952400,
    12320566,
    12530684,
    13208655,
    13697464,
    14509671,
    14510926,
    17447692,
    18352306,
    18842936,
    20006019,
    20139250,
    21013013,
    21772391,
    22292432,
    22311270,
    30010484,
    30736756,
    34505767,
    34563909,
    39843983,
    44366785,
    44562681,
    48057376,
    49617228,
    49849106,
    52557746,
    55886380,
    58648857,
    58689454,
    63543403,
    63592105,
    72436360,
    94899461,
    100060505,
    122875426,
    128106569,
    150711456
  ],
  [
    330996,
    1876493,
    3517238,
    10317080,
    15968217,
    22424500,
    35018435,
    46291571,
    50281042,
    52452455,
    55110762,
    56593078,
    58858011,
    62832572,
    68043847,
    74769971,
    75536523,
    77143665,
    87443839,
    100958734,
    111400766,
    126670554,
    133491668,
    146342690,
    155121337,
    155628195,
    165024211,
    227070626,
    239001664,
    275087324,
    341266769,
    371056270
  ],
  [
    30840,
    94751,
    110823,
    156899,
    165714,
    170421,
    237909,
    343015,
    412148,
    529083,
    540814,
    597441,
    837532,
    1164019,
    1615768,
    1897482,
    2073160,
    2090734,
    2571546,
    2926090,
    3186460,
    4036624,
    4069024,
    5284713,
    5541792,
    5543850,
    5623751,
    6460712,
    6467933,
    6640458,
    6646991,
    7563375,
    7571611,
    7656367,
    7784684,
    8149732,
    8404523,
    8494827,
    8553709,
    8769738,
    8917757,
    9026147,
    9371575,
    9728393,
    10107431,
    10325439,
    10342861,
    10505684,
    10940937,
    11023305,
    11076718,
    11272653,
    11428818,
    11450788,
    11643047,
    13116207,
    13164965,
    14157242,
    14248743,
    14918894,
    15218389,
    17620817,
    18167740,
    18406816,
    18582323,
    18586495,
    18648331,
    19219221,
    19598803,
    19936040,
    20432499,
    21704786,
    21811341,
    22245756,
    22548544,
    22761584,
    23480366,
    24804843,
    24875686,
    25546577,
    25703482,
    26226462,
    26243683,
    26615920,
    26755452,
    26841676,
    27631074,
    28341466,
    28515500,
    28856383,
    29087189,
    30215950,
    30490513,
    30573409,
    30627064,
    30691690,
    32077088,
    32207290,
    33613646,
    34058137,
    34735759,
    35142533,
    36857884,
    38108798,
    39039549,
    39423147,
    41695706,
    42314615,
    43574712,
    46050039,
    46757539,
    47371084,
    47972882,
    49254487,
    50044146,
    50351767,
    50414263,
    51720388,
    52260006,
    52714935,
    53749231,
    53758915,
    54805350,
    56631167,
    56931202,
    57098234,
    57574516,
    59049692,
    59966292,
    62916600,
    63284184,
    63810580,
    64618114,
    65542741,
    65672584,
    66964222,
    67081912,
    67687826,
    68648231,
    70041617,
    72153627,
    73080726,
    73283869,
    74364550,
    75349336,
    79642194,
    83623991,
    84994139,
    85081120,
    91151628,
    92713373,
    93334130,
    94014816,
    94285497,
    95830871,
    96208836,
    97450820,
    97995490,
    98291939,
    100110205,
    100313811,
    101761801,
    102886186,
    107862141,
    110110798,
    122182680,
    124814915,
    125247792,
    128323038,
    131049740,
    131859058,
    131993981,
    132224183,
    133833391,
    135210610,
    136418817,
    137757498,
    137863013,
    138032150,
    138622921,
    142140906,
    142904048,
    142982544,
    144849202,
    149438074,
    150738197,
    152302116,
    152783951,
    154055389,
    157594659,
    159327397,
    163541812,
    165359250,
    166646848,
    173496092,
    176427356,
    178134975,
    179961540,
    183765176,
    183822625,
    189549443,
    191834502,
    192120893,
    192963183,
    193732474,
    193745831,
    194886766,
    196985572,
    197240726,
    200815054,
    201422731,
    208634378,
    209841799,
    211261134,
    211881161,
    215329774,
    221151152,
    221777065,
    223137037,
    223718498,
    228014596,
    238379194,
    238488811,
    239349942,
    246484667,
    249235958,
    250461422,
    252333914,
    252398039,
    253398422,
    254484517,
    256905955,
    257851709,
    262369928,
    268433688,
    273770181,
    274556737,
    275930909,
    276154180,
    277753461,
    284042320,
    286505900,
    287475882,
    288060037,
    292722293,
    295601607,
    305680193,
    308988380,
    322148953,
    336249359,
    343449465,
    346220231,
    347847525,
    355312737,
    360467486,
    366789738,
    371046390,
    371302093,
    374980462,
    396310402
  ],
  [
    20006,
    335759,
    365078,
    433144,
    991205,
    996903,
    1113878,
    1788813,
    2594995,
    2882598,
    4123514,
    5251662,
    6510800,
    8004084,
    8513498,
    8614331,
    9368639,
    9635095,
    9668023,
    10370129,
    11344360,
    11860560,
    13365934,
    14449983,
    14509671,
    17568843,
    18033789,
    19257481,
    19614344,
    21810285,
    22696410,
    22794240,
    25194521,
    25297914,
    26147369,
    26377530,
    26630284,
    28984792,
    30228248,
    32188312,
    33071523,
    33165455,
    33427934,
    33613646,
    34389071,
    35118395,
    35694287,
    36525196,
    37302307,
    37785392,
    40958043,
    42498883,
    44701777,
    47026786,
    47436713,
    47495833,
    47820939,
    48226939,
    50663342,
    58392701,
    60649224,
    62219801,
    62273414,
    62384757,
    63984135,
    66355547,
    68923990,
    69762466,
    70412844,
    70537118,
    71414038,
    71440787,
    75447871,
    77052081,
    77987293,
    78451987,
    83894499,
    83992174,
    85116471,
    85339166,
    86106867,
    87774389,
    91316327,
    97047765,
    101134448,
    102787079,
    103976626,
    105252385,
    106050258,
    107962498,
    109305442,
    113198392,
    118697299,
    120813363,
    122005181,
    123753817,
    125779949,
    125905843,
    128084105,
    132535426,
    132614532,
    136719045,
    137451865,
    138465673,
    139187142,
    139455988,
    139692724,
    140016419,
    140092974,
    140690768,
    141754102,
    142088156,
    142934279,
    144621226,
    151244839,
    152681967,
    154618144,
    156974018,
    158312080,
    159165557,
    160082715,
    161710073,
    163452285,
    164220510,
    164493651,
    165082250,
    165449794,
    166297565,
    166968494,
    169827691,
    170916866,
    174548622,
    176273597,
    177082784,
    181425795,
    188975157,
    192292980,
    195330051,
    196145525,
    196895998,
    197222473,
    198327112,
    198577019,
    199073540,
    199573306,
    200852192,
    201303145,
    209512440,
    215623043,
    216336596,
    220427028,
    224505669,
    226948737,
    226954947,
    228988913,
    232792511,
    236022012,
    242023131,
    245037248,
    246727234,
    250926758,
    255147839,
    255159315,
    259188338,
    259688487,
    261291313,
    263421078,
    264377380,
    272087282,
    272272860,
    272417208,
    275720202,
    276010849,
    283673317,
    290654670,
    291046908,
    296957481,
    298939792,
    321621058,
    321818805,
    324875270,
    339011834,
    340137594,
    350814949
  ],
  [
    1837881,
    3310875,
    11601539,
    38576377,
    38971177,
    40719691,
    45404147,
    49555257,
    51082488,
    54964472,
    87052092,
    103327218,
    119469910,
    125172961,
    134262145,
    138790763
  ],
  [
    1001,
    29693,
    37169,
    72399,
    86404,
    90866,
    100789,
    160301,
    166589,
    223946,
    229010,
    283206,
    327462,
    328026,
    345185,
    374755,
    390909,
    406731,
    420927,
    434623,
    436330,
    475427,
    518744,
    521860,
    524786,
    557073,
    604806,
    620358,
    702351,
    803110,
    907893,
    942083,
    1007656,
    1015914,
    1031654,
    1087630,
    1087863,
    1101975,
    1183540,
    1230923,
    1303814,
    1353485,
    1420467,
    1482415,
    1588512,
    1590584,
    1596324,
    1669052,
    1774520,
    1794471,
    1837373,
    1841805,
    1969752,
    1999510,
    2165592,
    2464769,
    2470331,
    2726846,
    2788128,
    2930101,
    2964527,
    3047767,
    3970089,
    3977173,
    4177115,
    4248215,
    4422606,
    4473701,
    4526430,
    4718872,
    4910552,
    5004592,
    5098874,
    5173325,
    5319052,
    5384993,
    5468783,
    5551803,
    5703247,
    5890478,
    6158239,
    6170463,
    6235210,
    6270894,
    6699842,
    6770225,
    6869527,
    6876931,
    6956354,
    7048910,
    7353191,
    7563375,
    7615297,
    7621070,
    7845903,
    8054604,
    8169122,
    8221054,
    8262089,
    8650440,
    8738963,
    8857119,
    9284202,
    9476532,
    9817645,
    10053711,
    10248954,
    10462162,
    11081399,
    11152440,
    11533042,
    12965673,
    12988640,
    13338795,
    13529627,
    13587036,
    14143441,
    14354384,
    14567258,
    14580585,
    14638842,
    14679363,
    15905822,
    16132334,
    16149145,
    16504524,
    16510471,
    17810080,
    18013049,
    18019902,
    18204473,
    18417529,
    18870700,
    19218742,
    19636188,
    20452198,
    20875701,
    21105927,
    21908623,
    22245756,
    22834300,
    23378805,
    23594624,
    23643982,
    23950054,
    25469671,
    26852390,
    27332322,
    27469884,
    27974194,
    28142975,
    28728550,
    29078148,
    29281694,
    30597803,
    31745728,
    32290352,
    33304631,
    33613646,
    34228513,
    35059795,
    35645655,
    38314408,
    38417561,
    38481306,
    38642359,
    40139177,
    40183518,
    40279625,
    40483203,
    41329458,
    42349670,
    42367061,
    43009393,
    44149887,
    46070370,
    47440518,
    50731411,
    54615855,
    55254102,
    55603705,
    55884151,
    56303498,
    56442722,
    56669124,
    57609833,
    57855201,
    58635179,
    63536782,
    64754759,
    65849648,
    65860930,
    66050203,
    66766747,
    66963371,
    69086256,
    69343249,
    69675645,
    71399822,
    72019314,
    74341792,
    77464291,
    77521772,
    79536467,
    80893787,
    81782602,
    83148249,
    83568217,
    85378365,
    86301977,
    88668521,
    89923824,
    91442227,
    91983774,
    93042618,
    95259436,
    95797266,
    99649993,
    101942503,
    102559361,
    106997613,
    107543795,
    110332360,
    112857695,
    113292289,
    113330472,
    118721356,
    119602835,
    119638729,
    120649478,
    122320871,
    123109476,
    124148224,
    126290815,
    126761856,
    132275475,
    133925553,
    134670717,
    135897869,
    138189570,
    139208079,
    139831492,
    140510321,
    143178307,
    143376984,
    144114879,
    145651771,
    146177476,
    146283125,
    148181212,
    150278929,
    150369077,
    150838917,
    152822531,
    153405725,
    156032254,
    157048004,
    160393708,
    161125782,
    162111693,
    162648122,
    162664907,
    163889188,
    166708056,
    177028393,
    179333008,
    180048645,
    183717170,
    195335893,
    199150241,
    199720769,
    203886782,
    204101304,
    205015892,
    209785158,
    210662270,
    213085044,
    215198587,
    216713636,
    218632536,
    220036832,
    223070542,
    225600277,
    228469364,
    235119267,
    236670980,
    238879887,
    262208706,
    269306052,
    279011394,
    282484495,
    283499028,
    295188642,
    300643045,
    305396300,
    326352707,
    374650595
  ],
  [
    133895,
    7563375,
    7613863,
    21708342,
    45404147,
    88562500,
    111303814,
    130102298,
    134469802,
    136534638,
    138373713,
    144622338,
    153230086,
    162289636,
    164008098,
    166503208,
    169851831
  ],
  [
    222760,
    385676,
    834317,
    993960,
    1393823,
    2696957,
    2930101,
    3329229,
    4214163,
    5019580,
    6409106,
    6487021,
    6662985,
    6746725,
    6876931,
    7148238,
    7227386,
    7563375,
    7847904,
    9185540,
    9287879,
    9851039,
    11023305,
    11648870,
    11984053,
    12392287,
    12988640,
    14499515,
    15007473,
    17831770,
    18051503,
    18167740,
    18276520,
    18648331,
    19590983,
    20641784,
    21392657,
    22245756,
    22548544,
    22761584,
    24875686,
    25191643,
    25703482,
    26082763,
    30662136,
    31319896,
    31573153,
    32936378,
    36473839,
    36857884,
    38951475,
    43876349,
    48733018,
    49033330,
    49067038,
    53186021,
    54745845,
    56047130,
    62427539,
    66299451,
    69959784,
    71121589,
    73136951,
    73299911,
    73444474,
    85714722,
    85852809,
    85887886,
    85947828,
    87401174,
    87789405,
    89797327,
    91293139,
    93304524,
    95584301,
    95736184,
    95753367,
    96056518,
    96121929,
    97991596,
    98291939,
    100863050,
    102435399,
    102886186,
    107707321,
    109502364,
    113198392,
    116540469,
    119579303,
    121146796,
    125214295,
    127759048,
    131572287,
    133378155,
    133864698,
    133947739,
    135295738,
    138116877,
    138394965,
    139145796,
    140654102,
    142224303,
    151798188,
    152367771,
    152519216,
    153715157,
    160251063,
    162324607,
    162909263,
    163473530,
    172259262,
    174207439,
    175422174,
    184635402,
    193071707,
    195679721,
    197407517,
    197536239,
    206370206,
    206534330,
    215507656,
    216105431,
    224507929,
    225637162,
    228626925,
    245546731,
    247568599,
    262200005,
    273669789,
    286372523,
    303311846,
    321335172,
    332990648,
    354456102,
    364615978,
    372132873,
    381561102
  ],
  [
    1755246,
    1860301,
    2930101,
    4619078,
    6846534,
    10291343,
    10580774,
    11053076,
    11314960,
    18648331,
    19820461,
    20034976,
    20679557,
    20764940,
    21158285,
    24875686,
    25703482,
    28872636,
    35542013,
    46060084,
    61904184,
    72767568,
    77511654,
    79102071,
    97781753,
    105493105,
    132989246,
    133754911,
    134450457,
    135054086,
    135418641,
    147202047,
    147606953,
    151303759,
    157536810,
    182709791,
    263946055,
    271471216,
    371802171
  ],
  [
    968,
    432664,
    1393823,
    1581340,
    2899720,
    3447813,
    4252076,
    4294066,
    4470929,
    4529554,
    4570375,
    4700031,
    5055478,
    5483595,
    5488692,
    5844791,
    6095308,
    6876931,
    7174281,
    7348417,
    7665494,
    7784684,
    7866897,
    8004084,
    8110788,
    8481374,
    8922138,
    9173836,
    9225106,
    9742384,
    10152605,
    10227977,
    11931486,
    13533797,
    16346158,
    16909653,
    17009633,
    17034933,
    18023666,
    18306293,
    19206601,
    20008808,
    20209401,
    20462091,
    21292990,
    21872699,
    22311270,
    22766024,
    23540897,
    26698446,
    27627040,
    29841897,
    30703713,
    31448902,
    34317031,
    34491970,
    38973204,
    39358156,
    41491917,
    42299689,
    44145311,
    45164275,
    45380347,
    45605784,
    48571303,
    49617228,
    55784308,
    62343023,
    63216961,
    63543403,
    67167621,
    78182834,
    81802945,
    88390231,
    93041269,
    97254148,
    103372521,
    115043168,
    128106569,
    132923992,
    138070392,
    147820736,
    175731019,
    176513617,
    215887500,
    222890854,
    234149236,
    244134278,
    266473875,
    279152218,
    300661953,
    312034785,
    332140341,
    375476347
  ],
  [
    30840,
    61344,
    319855,
    365078,
    433144,
    671697,
    876651,
    2882598,
    7610760,
    12729275,
    14509671,
    17487164,
    46937981,
    74354755,
    83568920,
    95810294,
    104042876,
    131764142,
    134261429,
    137570077,
    142088156,
    145758068,
    148563237,
    153193698,
    159511339,
    163704789,
    187212566,
    191925777,
    196189118,
    212576859,
    214223240
  ],
  [
    30840,
    412148,
    1164019,
    2090734,
    2649722,
    2930101,
    6095308,
    7563375,
    7784684,
    8904138,
    9142546,
    9219450,
    10959280,
    14918894,
    17487164,
    18586495,
    22311270,
    22761584,
    22794240,
    24700779,
    25058959,
    25703482,
    26226462,
    30148171,
    33613646,
    33783172,
    33978055,
    54805350,
    55467923,
    71869991,
    72112655,
    77249492,
    85116471,
    94121388,
    94285497,
    95834517,
    125247792,
    134261429,
    138173234,
    140027521,
    140533038,
    152302116,
    153536693,
    162777587,
    163704789
  ],
  [
    519799,
    863117,
    4495886,
    233062092,
    305129883,
    326460981,
    344795880,
    351547239,
    356106366,
    363879583,
    389330945
  ],
  [
    702416,
    1919992,
    1968329,
    6211515,
    17748344,
    24641491,
    29359948,
    49415838,
    63624427,
    65417801,
    69611509,
    104704656,
    120224259,
    146082758,
    154695427,
    162269133,
    165970137,
    178111687,
    182578978,
    193104427,
    198724312,
    213545250,
    216993567,
    222961470,
    222989223,
    225708256,
    228444313,
    229318829,
    230634932,
    236651510,
    239025655,
    247262790,
    248374723,
    253782411,
    256083224,
    273060273,
    278086693,
    279717665,
    285205859,
    285819182,
    288285386,
    288676960,
    290837642,
    296788697,
    299231734,
    308962765,
    309950602,
    312940255,
    319598975,
    322933248,
    323409038,
    323902491,
    325185695,
    325233205,
    331825988,
    333604415,
    333624451,
    341162213,
    341809385,
    341811232,
    342134626,
    348065041,
    351456930,
    356242114,
    357624108,
    359236134,
    359591918,
    359825828,
    360824708,
    365426051,
    368684883,
    372083602,
    374860753,
    377579952,
    377972103,
    380366934,
    382373728,
    382408207,
    393748450,
    394049188,
    394976394,
    394997193,
    396557263,
    397403209,
    397584293,
    402490478,
    404878480,
    404908549,
    406244270
  ],
  [
    57938,
    465873,
    508407,
    896226,
    3297794,
    4105279,
    4408180,
    5467503,
    5738960,
    8186157,
    10661544,
    12538923,
    14769719,
    18498476,
    20832715,
    22301318,
    22504617,
    24461297,
    31241543,
    33406961,
    34111225,
    35319809,
    36641247,
    37244687,
    41845219,
    47731164,
    59253543,
    62876443,
    63674391,
    63866515,
    63977110,
    66873527,
    68786398,
    69507551,
    70919594,
    73377381,
    77545952,
    79219586,
    80522263,
    81954584,
    83265672,
    92333681,
    94095487,
    94601671,
    99857031,
    101316563,
    102621572,
    104024161,
    104042876,
    107212328,
    117225180,
    118387854,
    121807895,
    123507143,
    126055569,
    130790019,
    131520906,
    131546814,
    131669871,
    132605012,
    132811381,
    134943107,
    135820092,
    136639378,
    136828254,
    138753417,
    142159611,
    143038055,
    143490239,
    145127692,
    145974123,
    148181127,
    152785031,
    154117460,
    155258016,
    156730665,
    157534815,
    161127283,
    168608065,
    175087397,
    175899846,
    182236720,
    183401995,
    183457372,
    183581307,
    183614907,
    184005688,
    187020255,
    187902778,
    190066139,
    190478824,
    193104427,
    193446777,
    195227167,
    204403802,
    208018440,
    209683443,
    211764736,
    213536864,
    214405320,
    215771372,
    216180103,
    218545365,
    221133341,
    221973721,
    222490060,
    227097099,
    229800080,
    231176796,
    231238492,
    231307765,
    232302682,
    233858348,
    235509073,
    235986303,
    236577620,
    240112063,
    240498627,
    253973253,
    255366998,
    268373660,
    268498510,
    273252692,
    275328389,
    280236949,
    288163877,
    292702460,
    296423969,
    300728329,
    305321504,
    310310650,
    318249093,
    326460981,
    330707579,
    336881228,
    337075616,
    337462273,
    344214112,
    351095878,
    355087915,
    357024483,
    358039052,
    376965292,
    377553050,
    378043571,
    380615829,
    385273710
  ],
  [
    1291357,
    1563362,
    2276503,
    2311379,
    3132289,
    8004084,
    11365863,
    17241933,
    20769400,
    24892144,
    25046344,
    25368503,
    27086284,
    27778027,
    30049483,
    33842827,
    34450441,
    37024339,
    39673478,
    40846358,
    41164648,
    41202890,
    42780648,
    48551703,
    50458401,
    53765938,
    55052069,
    57782954,
    58986787,
    59442772,
    60530186,
    64124371,
    65103639,
    71871569,
    72563388,
    72783834,
    74414030,
    78117603,
    79624697,
    85588287,
    86322894,
    88181465,
    92471544,
    93436706,
    93687879,
    95662473,
    99652687,
    101194720,
    105282309,
    106535765,
    108791074,
    110062028,
    110688600,
    113346908,
    113670129,
    114073572,
    118449764,
    120992176,
    122109515,
    122337265,
    122497286,
    124850622,
    128750237,
    129942889,
    131903848,
    132705327,
    133115592,
    133389492,
    133709083,
    133779159,
    133978367,
    134606518,
    135007661,
    135013527,
    135400263,
    136180365,
    136616776,
    136851057,
    136865508,
    137191614,
    137447985,
    137638522,
    138289071,
    138648091,
    138676337,
    139024008,
    139733599,
    139890038,
    140135273,
    140312393,
    140386891,
    141258013,
    141349362,
    141951236,
    142311422,
    142374224,
    142404805,
    142950813,
    143332697,
    143797401,
    144036135,
    144434837,
    144890508,
    145342695,
    145372585,
    145617015,
    146151575,
    146370981,
    147568171,
    147689843,
    147917002,
    148118877,
    148259329,
    148653713,
    149449974,
    150412337,
    150899041,
    151378093,
    151445540,
    151757335,
    151824195,
    152094421,
    152179685,
    152545594,
    152562272,
    152648150,
    152851868,
    152934649,
    153016699,
    153113014,
    153284057,
    153314792,
    153500119,
    153657608,
    153716434,
    153865630,
    153885507,
    154792016,
    154863190,
    154928291,
    155337389,
    155846998,
    156174865,
    156184328,
    157316266,
    157862603,
    158003588,
    158661170,
    159672192,
    159677096,
    159715869,
    160126245,
    160534448,
    161166119,
    161856500,
    161881092,
    162021427,
    162041669,
    162546892,
    162817382,
    163324552,
    163604304,
    164488788,
    165948444,
    166151459,
    166252290,
    166383761,
    166665406,
    167234717,
    167510191,
    167700922,
    168331472,
    169544051,
    169820725,
    170281727,
    170538242,
    170577616,
    170985749,
    171951280,
    172748995,
    172894110,
    172952063,
    174807986,
    174809170,
    175126174,
    175618008,
    175857145,
    176697230,
    177149406,
    177460410,
    177717999,
    177933055,
    179869327,
    181535182,
    182615480,
    182684728,
    182790034,
    183420694,
    185288382,
    185296899,
    185837123,
    185913153,
    186064086,
    186726287,
    188358391,
    188459595,
    188626467,
    188638460,
    189373043,
    190237004,
    190328292,
    190796391,
    194222254,
    194914588,
    195275198,
    195788544,
    195917915,
    197078311,
    197559602,
    197957435,
    198031760,
    198209565,
    199136988,
    200742587,
    200971907,
    202209761,
    202281705,
    202632840,
    202683575,
    202717764,
    202917705,
    203063765,
    204226424,
    205005010,
    206045371,
    206057693,
    206321897,
    208018440,
    208033972,
    208192102,
    209833338,
    211605813,
    212895703,
    213510293,
    213649865,
    214893990,
    215542550,
    215843606,
    217200459,
    217313021,
    218163119,
    218876606,
    221635385,
    222545774,
    223378324,
    223929843,
    224020255,
    224803070,
    225367641,
    227146263,
    228274438,
    228299141,
    229415083,
    230505130,
    231203361,
    231485523,
    236354844,
    237793166,
    237962396,
    239568522,
    241532766,
    243119504,
    247154688,
    248335215,
    249219825,
    253746011,
    253796018,
    254153430,
    254339336,
    254636384,
    258875576,
    259186784,
    260343909,
    267373801,
    268571185,
    269048216,
    270517948,
    270869167,
    276791433,
    276943576,
    279165889,
    282073552,
    288487119,
    295987901,
    306297321,
    308083870,
    318313936,
    319396205,
    322727579,
    361033075,
    367895870,
    370479334,
    379157552,
    387534920,
    388017361,
    392032574
  ],
  [
    2031782,
    4712664,
    6815672,
    10515940,
    15188294,
    17128583,
    17854367,
    20070772,
    20746055,
    30454859,
    32024967,
    45450224,
    45703719,
    50255104,
    57317640,
    58809567,
    59625971,
    60649344,
    62736685,
    63780949,
    75178572,
    75709625,
    76956619,
    91557353,
    112192155,
    113197459,
    133328616,
    137616541,
    151481770,
    156109240,
    159351770,
    161226075,
    174023723,
    178686990,
    189305599,
    201030665,
    216754437,
    218151958,
    225807403,
    240607800,
    245784275,
    265905114,
    278991838,
    289381900,
    301641334
  ],
  [
    10175,
    22637,
    127373,
    231477,
    350319,
    368849,
    383003,
    414905,
    418842,
    421265,
    432452,
    438483,
    439440,
    469467,
    470335,
    478151,
    489485,
    491762,
    589767,
    602877,
    628525,
    632003,
    696262,
    706018,
    763311,
    813046,
    893330,
    965427,
    1154170,
    1186272,
    1281816,
    1393823,
    1411211,
    1597826,
    1676322,
    1708335,
    1717009,
    1858487,
    2037580,
    2128041,
    2242119,
    2264050,
    2316192,
    2352659,
    2400160,
    2482771,
    2504535,
    2699044,
    2928668,
    2930101,
    3336412,
    3362826,
    4188714,
    4370317,
    4441182,
    4556381,
    4682398,
    4950014,
    5700608,
    5736505,
    5802220,
    6022885,
    6615091,
    6653187,
    6716360,
    6766127,
    6884745,
    6892594,
    6927287,
    7055156,
    7480203,
    7563375,
    7973166,
    8099002,
    8153592,
    8173338,
    8353209,
    8389263,
    8702054,
    8789547,
    8891023,
    9102433,
    9282247,
    9851039,
    10015045,
    10227543,
    10466247,
    10502719,
    10515661,
    11263815,
    11281417,
    11399188,
    11479995,
    11670029,
    11713829,
    12350078,
    12358121,
    12738066,
    12749005,
    13366416,
    15083182,
    15293937,
    15430429,
    15605629,
    15690419,
    15844010,
    16380793,
    16834391,
    17300605,
    17682577,
    17706678,
    17970398,
    18167740,
    18554231,
    18648331,
    19294047,
    19528095,
    19649286,
    19750945,
    20594879,
    20839441,
    20875012,
    20951082,
    21576732,
    22138539,
    22187838,
    22245756,
    22548544,
    22721463,
    23209759,
    25703482,
    26219852,
    26289002,
    26325065,
    26529761,
    27230238,
    27549953,
    28211372,
    30891470,
    31048825,
    34301198,
    34833713,
    35307907,
    36579418,
    36735264,
    36857884,
    37619869,
    39646334,
    40393600,
    44377916,
    44392555,
    45647210,
    48147166,
    48489027,
    49494119,
    49666163,
    50255200,
    50278517,
    51146979,
    53176551,
    53753170,
    53879024,
    54451499,
    56005488,
    56399255,
    56421820,
    56793088,
    58108262,
    58455144,
    60923808,
    66830644,
    67334757,
    68190181,
    68374546,
    69326240,
    69681131,
    72979698,
    73803636,
    78710877,
    79132554,
    80046020,
    84209917,
    85487539,
    86512745,
    87400801,
    89539934,
    90164837,
    95736184,
    100371588,
    100515319,
    101037474,
    102784327,
    103493942,
    109570791,
    113150472,
    113827796,
    117550874,
    120654409,
    123287136,
    127345506,
    131794724,
    131794883,
    132110116,
    134270634,
    135295738,
    135355422,
    135587228,
    137856861,
    140478656,
    141140905,
    141260443,
    142110537,
    148163816,
    152446871,
    152912501,
    156222992,
    156763468,
    158483512,
    158546245,
    159820121,
    161363534,
    162632022,
    164007976,
    164641030,
    164917960,
    167450644,
    167831800,
    169265924,
    174443827,
    175536620,
    176289290,
    176456341,
    176705363,
    177601732,
    179194050,
    179648284,
    180500521,
    182094659,
    182516393,
    185909883,
    187271030,
    191499759,
    192670376,
    193100498,
    197248296,
    199370597,
    202911965,
    205017929,
    206184496,
    216105431,
    219904608,
    225583629,
    231306766,
    233128955,
    233393985,
    235060534,
    238436727,
    240996936,
    243179854,
    245553939,
    246305946,
    250403633,
    251016527,
    254670697,
    257494925,
    262242120,
    262331887,
    264433663,
    267280965,
    274849969,
    278010555,
    280208039,
    290443432,
    298563922,
    299917829,
    306322934,
    308337073,
    309404183,
    313858416,
    314550601,
    321317707,
    321335172,
    328004680,
    335128025,
    335150549,
    336342920,
    338716602,
    349847747,
    354853337,
    355217485,
    367794579,
    370783954,
    379075276,
    384283145,
    389271117,
    403154630
  ],
  [
    265285660,
    277086900,
    366369928,
    384235021
  ],
  [
    231477,
    9424542,
    17916341,
    30529196,
    35307907,
    40161489,
    43447847,
    55326009,
    58222132,
    70594299,
    70723386,
    70753328,
    73619382,
    104042876,
    114720604,
    120866793,
    145601750,
    183366946,
    188175777,
    202705040,
    204631105,
    224042278,
    230539398,
    256165010,
    262242120
  ],
  [
    14221970,
    74878066,
    95173004,
    105612060,
    108412091,
    151143834
  ],
  [
    30840,
    27903603,
    46107915,
    46949383,
    67852182,
    145874672
  ],
  [],
  [
    57878475,
    83568920,
    85116471,
    86661613,
    111400766,
    145824688,
    165845732,
    170208999,
    190939989,
    192711193
  ],
  [
    1393823,
    2930101,
    25703482,
    26834238
  ],
  [
    10755059,
    11544558,
    22609197,
    25151696,
    37610783,
    73415972,
    77363660,
    83216843,
    96353181,
    100879584,
    116982530,
    135184904,
    144358239,
    154849957
  ],
  [
    41745304,
    69387099,
    86883552,
    103081282,
    114119394
  ],
  [
    9500716,
    9953137,
    19502407,
    27312863,
    27345501,
    28090049,
    28532440,
    29354210,
    31245396,
    33686257,
    34716867,
    40582067,
    45610906,
    47857935,
    50233550,
    51619758,
    52499916,
    60932487,
    64215975,
    68599788,
    69149359,
    74221713,
    76616859,
    87050719,
    91475150,
    92823873,
    95014950,
    105800971,
    115125101,
    116745595,
    118350483,
    119967494,
    120377473,
    121424506,
    123307095,
    123953178,
    131001555,
    132101276,
    132689189,
    134002543,
    134977865,
    135466781,
    135622686,
    136984392,
    137036569,
    137259187,
    137988470,
    138015106,
    138330277,
    141057504,
    141255456,
    146917486,
    150276387,
    150716508,
    151683415,
    152016255,
    153291672,
    153405016,
    154101519,
    154402477,
    154434633,
    154769565,
    154799339,
    155681932,
    156039232,
    156208951,
    156211233,
    156220815,
    156239478,
    156254426,
    156329532,
    156457841,
    156708997,
    158663811,
    162934588,
    163230293,
    170714842,
    170807508,
    170926378,
    171419606,
    171578122,
    171957280,
    175709881,
    175794479,
    176498243,
    177174306,
    180033224,
    180814339,
    183706539,
    185063182,
    185199897,
    185332888,
    191130457,
    192457183,
    193066254,
    194788553,
    196725732,
    199949534,
    201774907,
    205263067,
    207038606,
    207119969,
    210190420,
    212140522,
    212724881,
    214496693,
    217192907,
    217354251,
    217658751,
    217746627,
    217943002,
    218903770,
    219373072,
    219492430,
    219542702,
    219992601,
    220032827,
    220152364,
    220204564,
    220505535,
    220724646,
    220945693,
    221162891,
    221229834,
    221291860,
    221430905,
    222034204,
    222397685,
    222522665,
    222722120,
    222728876,
    222837729,
    222869975,
    223010322,
    223012487,
    223060300,
    223088849,
    223289406,
    223305364,
    223526494,
    223535785,
    223552765,
    223644451,
    223665846,
    223888278,
    223925167,
    223940218,
    223961648,
    223964104,
    223984235,
    224010564,
    224022065,
    224030558,
    224092672,
    224155860,
    224158620,
    224430162,
    224449856,
    224477659,
    224591889,
    224636915,
    224750489,
    224876281,
    224918579,
    225003422,
    225250926,
    225307172,
    225543000,
    225555653,
    225567484,
    225572692,
    225605732,
    225609348,
    225609983,
    225610394,
    225692171,
    225870253,
    226319964,
    226370825
  ],
  [
    119469910,
    143903924
  ],
  [
    4801970,
    19606721,
    30163907,
    37482786,
    38309819,
    38862451,
    48904740,
    56557351,
    60246582,
    74878066,
    76655562,
    84680605,
    86640518,
    86875624,
    95167053,
    96623577,
    99314310,
    104042876,
    104212148,
    105612060,
    108412091,
    108782976,
    114719585,
    118376689,
    119868670,
    124273424,
    127427149,
    131595528,
    132502771,
    133286288,
    133907197,
    134533002,
    135158587,
    135218773,
    135398582,
    137221019,
    137361967,
    137509679,
    139001530,
    141314372,
    143490239,
    143955652,
    144437099,
    145200891,
    145732016,
    147588179,
    148333456,
    150408003,
    152645274,
    154758608,
    155267107,
    155480216,
    155595145,
    157366056,
    158399585,
    159605154,
    159829380,
    162384327,
    164497482,
    167472046,
    168398006,
    168612556,
    168660548,
    169461364,
    169775942,
    171006129,
    172363550,
    173217956,
    173666555,
    174262092,
    174763598,
    175124586,
    180569484,
    180932893,
    183746541,
    184575998,
    185267256,
    188116382,
    188955318,
    189233365,
    195071548,
    195792140,
    197421589,
    197951184,
    198877389,
    200731244,
    201472805,
    201798050,
    202525491,
    203677943,
    205239430,
    205475176,
    210299687,
    212960448,
    213011985,
    220031287,
    221973721,
    228518044,
    233724058,
    237861112,
    239852902,
    245640066,
    245736773,
    255680768,
    292752230,
    305635410,
    325676943,
    327511314
  ],
  [],
  [
    49427548,
    92780692,
    92821932,
    93420270,
    99063750
  ]
]